0 690
54 -99864
0 0
410 -99657
0 0
123 -99458
0 0
306 -99288
0 0
62 -99091
404 -99190
-55 -98927
0 0
277 -98721
0 0
89 -98492
315 -98643
-108 -98277
0 0
208 -98066
0 0
68 -97926
361 -97963
159 -97725
0 0
451 -97514
62 -97579
415 -97347
71 -97449
58 -97116
0 0
370 -96949
0 0
119 -96733
343 -96806
388 -96506
177 -96579
154 -96269
0 0
438 -96123
24 -96247
-20 -95885
0 0
101 -95731
0 0
212 -95479
420 -95553
92 -95327
0 0
38 -95104
292 -95205
415 -94944
146 -94968
176 -94660
0 0
122 -94525
417 -94555
175 -94264
421 -94392
214 -94082
0 0
-112 -93939
0 0
399 -93749
117 -93828
451 -93526
5 -93602
12 -93320
0 0
160 -93090
447 -93231
185 -92914
0 0
254 -92694
0 0
84 -92463
331 -92622
99 -92314
405 -92437
-62 -92066
0 0
204 -91926
461 -92046
90 -91669
0 0
443 -91518
149 -91554
358 -91300
73 -91392
242 -91129
0 0
420 -90937
78 -90976
431 -90744
127 -90792
10 -90517
231 -90640
241 -90304
0 0
117 -90150
320 -90247
313 -89947
0 0
-70 -89653
0 0
403 -89462
53 -89493
-69 -89314
0 0
-64 -89129
0 0
173 -88922
379 -88998
-121 -88711
0 0
372 -88547
10 -88597
356 -88299
105 -88389
26 -88115
369 -88188
365 -87862
17 -87993
294 -87660
41 -87791
284 -87541
33 -87646
-22 -87264
0 0
468 -87124
252 -87202
361 -86904
0 0
385 -86680
166 -86781
388 -86495
155 -86562
69 -86281
0 0
-83 -86095
0 0
267 -85917
46 -85988
425 -85666
56 -85756
348 -85492
2 -85639
98 -85291
468 -85375
33 -85117
0 0
437 -84857
0 0
162 -84658
461 -84659
420 -84535
24 -84624
16 -84329
0 0
110 -84096
361 -84175
76 -83934
470 -83989
456 -83712
0 0
27 -83529
292 -83562
264 -83282
0 0
65 -83145
364 -83232
351 -82907
56 -82963
448 -82688
0 0
425 -82531
21 -82644
466 -82322
152 -82360
-119 -82099
0 0
383 -81882
0 0
38 -81744
348 -81799
444 -81469
198 -81586
362 -81308
146 -81429
131 -81120
395 -81200
155 -80926
0 0
-121 -80718
0 0
230 -80507
9 -80590
44 -80293
0 0
49 -80079
0 0
399 -79932
83 -80003
379 -79730
82 -79784
155 -79526
385 -79550
298 -79261
95 -79397
23 -79119
409 -79231
371 -78893
0 0
94 -78669
376 -78783
107 -78546
412 -78601
294 -78344
74 -78358
258 -78088
9 -78226
8 -77929
267 -78010
-47 -77736
0 0
92 -77530
318 -77578
455 -77322
0 0
234 -77140
0 0
280 -76925
2 -76987
-66 -76700
0 0
449 -76523
70 -76621
413 -76319
41 -76449
67 -76066
0 0
340 -75945
0 0
469 -75696
227 -75843
323 -75476
75 -75575
38 -75338
240 -75371
219 -75109
448 -75200
389 -74885
0 0
32 -74733
383 -74801
112 -74544
427 -74614
155 -74275
0 0
300 -74138
64 -74186
261 -73860
40 -73927
434 -73750
0 0
26 -73486
452 -73609
210 -73331
433 -73354
-55 -73075
0 0
-9 -72883
0 0
140 -72721
397 -72781
57 -72453
265 -72591
380 -72302
0 0
111 -72121
382 -72210
-30 -71945
0 0
315 -71659
0 0
66 -71529
440 -71621
157 -71281
371 -71380
422 -71120
213 -71064
14 -70901
333 -71031
230 -70732
0 0
370 -70481
97 -70583
360 -70345
58 -70411
88 -70099
338 -70203
412 -69930
158 -70044
4 -69738
238 -69759
17 -69542
447 -69645
206 -69261
0 0
113 -69087
317 -69052
82 -68911
0 0
405 -68719
0 0
13 -68546
295 -68633
312 -68324
0 0
118 -68125
417 -68195
129 -67867
371 -67975
415 -67674
50 -67803
347 -67510
85 -67633
155 -67327
462 -67401
157 -67143
392 -67211
7 -66897
0 0
359 -66698
95 -66687
282 -66484
14 -66452
53 -66278
0 0
474 -66084
149 -66197
27 -65918
468 -65947
103 -65699
469 -65799
407 -65517
106 -65631
107 -65334
0 0
80 -65098
0 0
69 -64935
450 -64978
-101 -64737
0 0
62 -64488
415 -64613
26 -64330
380 -64415
-20 -64088
0 0
306 -63908
84 -63957
0 -63681
457 -63834
391 -63499
112 -63593
75 -63289
0 0
107 -63090
406 -63170
414 -62888
35 -63046
374 -62739
0 0
13 -62499
229 -62477
178 -62285
456 -62363
139 -62136
0 0
82 -61904
301 -62041
309 -61693
0 0
273 -61511
14 -61564
426 -61286
2 -61350
-31 -61060
0 0
1 -60921
444 -60972
78 -60723
301 -60813
296 -60467
62 -60573
313 -60339
0 0
245 -60087
454 -60218
374 -59877
0 0
2 -59696
469 -59831
434 -59508
3 -59559
462 -59333
78 -59440
33 -59092
0 0
41 -58940
401 -59019
380 -58704
37 -58755
328 -58483
106 -58582
400 -58289
12 -58419
457 -58080
0 0
220 -57870
0 0
1 -57717
260 -57750
199 -57496
400 -57512
386 -57258
172 -57384
405 -57142
35 -57195
167 -56948
0 0
58 -56654
0 0
129 -56510
436 -56562
447 -56296
15 -56378
212 -56130
0 0
160 -55945
431 -56032
425 -55726
0 0
390 -55514
38 -55592
317 -55327
45 -55361
270 -55090
0 0
117 -54895
432 -55039
450 -54744
45 -54761
35 -54481
410 -54583
472 -54344
0 0
333 -54134
40 -54220
82 -53864
0 0
39 -53673
0 0
441 -53515
85 -53596
14 -53316
0 0
436 -53055
15 -53181
59 -52899
379 -53047
62 -52689
427 -52751
24 -52490
470 -52597
85 -52261
438 -52413
74 -52066
0 0
361 -51914
111 -52021
56 -51700
437 -51800
101 -51472
406 -51608
121 -51319
0 0
106 -51143
373 -51212
389 -50894
0 0
360 -50709
133 -50845
209 -50514
1 -50554
71 -50316
445 -50395
-70 -50061
0 0
428 -49855
49 -49953
162 -49655
0 0
441 -49504
179 -49613
29 -49342
232 -49411
-57 -49086
0 0
127 -48878
404 -48983
421 -48697
65 -48805
424 -48456
202 -48602
116 -48303
373 -48350
385 -48140
59 -48219
462 -47863
0 0
23 -47688
0 0
136 -47532
391 -47595
390 -47268
167 -47407
21 -47106
456 -47187
287 -46868
26 -46983
377 -46708
66 -46770
390 -46500
134 -46587
377 -46287
70 -46368
328 -46080
68 -46161
-109 -45926
0 0
365 -45666
93 -45793
431 -45467
141 -45587
359 -45348
0 0
165 -45065
418 -45224
435 -44862
115 -44988
437 -44671
160 -44816
475 -44515
77 -44556
109 -44337
0 0
159 -44096
447 -44160
334 -43946
86 -43996
340 -43725
0 0
404 -43541
180 -43645
97 -43330
470 -43406
-75 -43102
0 0
-70 -42922
0 0
225 -42691
23 -42781
400 -42462
133 -42618
273 -42285
0 0
334 -42127
86 -42182
415 -41888
11 -42004
137 -41716
466 -41785
466 -41453
182 -41611
119 -41315
0 0
474 -41055
76 -41166
367 -40887
94 -40989
83 -40746
0 0
2 -40537
426 -40594
105 -40300
423 -40446
419 -40147
0 0
129 -39890
0 0
426 -39698
30 -39790
418 -39502
104 -39598
100 -39348
0 0
236 -39096
469 -39196
40 -38927
267 -39038
207 -38726
0 0
438 -38548
208 -38556
320 -38341
0 0
-51 -38141
0 0
32 -37899
333 -38020
243 -37686
447 -37814
108 -37523
315 -37616
307 -37317
22 -37444
64 -37089
365 -37248
358 -36870
0 0
48 -36671
343 -36786
286 -36521
54 -36610
434 -36347
8 -36392
13 -36079
271 -36188
-48 -35880
0 0
469 -35699
0 0
269 -35540
58 -35642
216 -35290
0 0
379 -35062
40 -35172
24 -34895
357 -34999
316 -34747
0 0
437 -34495
233 -34571
139 -34348
394 -34400
-98 -34142
0 0
129 -33892
0 0
55 -33689
421 -33818
57 -33527
414 -33608
48 -33279
354 -33413
32 -33122
241 -33246
79 -32894
358 -33046
398 -32743
0 0
98 -32514
471 -32471
-2 -32332
0 0
403 -32077
147 -32162
208 -31921
452 -31968
-45 -31656
0 0
91 -31476
372 -31539
90 -31307
318 -31397
57 -31128
384 -31154
465 -30852
0 0
288 -30661
38 -30812
44 -30526
369 -30591
472 -30291
78 -30366
348 -30136
13 -30229
69 -29913
0 0
18 -29693
283 -29795
293 -29545
32 -29623
223 -29290
449 -29419
361 -29135
0 0
373 -28858
37 -28989
418 -28669
143 -28752
294 -28534
27 -28627
350 -28281
79 -28401
-96 -28097
0 0
302 -27925
4 -28022
260 -27730
30 -27797
123 -27549
430 -27637
22 -27313
0 0
48 -27121
280 -27154
409 -26872
35 -26958
88 -26699
0 0
111 -26496
467 -26570
16 -26346
239 -26401
0 -26096
0 0
454 -25934
174 -26034
85 -25662
0 0
470 -25454
195 -25520
407 -25307
78 -25412
367 -25121
166 -25051
32 -24933
0 0
450 -24685
135 -24787
259 -24542
23 -24646
-82 -24315
0 0
3 -24110
427 -24236
-70 -23860
0 0
390 -23726
70 -23741
328 -23481
112 -23633
432 -23316
17 -23353
337 -23124
0 0
287 -22898
65 -22982
241 -22688
0 0
400 -22518
109 -22615
248 -22317
463 -22409
418 -22139
144 -22245
306 -21919
33 -22046
114 -21731
431 -21817
49 -21549
476 -21588
-105 -21337
0 0
19 -21094
446 -21152
307 -20921
49 -20975
411 -20660
183 -20763
103 -20499
474 -20557
47 -20337
0 0
430 -20095
131 -20218
252 -19949
18 -20047
156 -19724
471 -19805
178 -19475
439 -19551
0 -19332
211 -19444
239 -19086
0 0
440 -18935
0 0
259 -18729
27 -18845
104 -18549
470 -18570
369 -18325
123 -18433
144 -18134
359 -18154
231 -17879
0 0
272 -17669
0 0
144 -17460
349 -17552
147 -17345
0 0
265 -17133
0 0
151 -16890
430 -16979
460 -16716
254 -16770
160 -16549
408 -16642
218 -16341
426 -16444
-59 -16129
0 0
332 -15883
46 -16019
189 -15708
422 -15785
463 -15492
184 -15574
445 -15317
25 -15411
417 -15109
64 -15188
56 -14878
463 -14982
454 -14739
0 0
361 -14481
31 -14606
78 -14309
0 0
470 -14101
0 0
373 -13923
19 -13862
247 -13713
0 0
460 -13549
18 -13637
432 -13322
215 -13380
248 -13086
41 -13150
117 -12889
337 -13039
366 -12672
103 -12816
76 -12481
298 -12574
359 -12343
0 0
139 -12119
425 -12154
-10 -11905
0 0
448 -11750
0 0
175 -11524
392 -11612
73 -11336
0 0
387 -11108
93 -11212
460 -10890
111 -11010
1 -10671
374 -10742
436 -10494
53 -10604
476 -10312
248 -10434
151 -10122
396 -10239
398 -9921
75 -9959
445 -9677
104 -9775
78 -9473
367 -9622
12 -9338
0 0
206 -9136
467 -9220
461 -8917
0 0
457 -8727
99 -8845
98 -8468
317 -8618
239 -8257
439 -8395
207 -8094
0 0
164 -7882
413 -7859
348 -7672
123 -7733
357 -7479
32 -7618
160 -7316
366 -7444
-83 -7092
0 0
121 -6946
467 -7032
363 -6697
42 -6794
35 -6462
253 -6569
307 -6309
0 0
86 -6132
333 -6178
299 -5880
0 0
12 -5681
448 -5777
378 -5492
4 -5597
373 -5257
0 0
382 -5096
94 -5174
398 -4858
14 -4991
375 -4747
0 0
94 -4459
349 -4599
386 -4256
95 -4273
151 -4127
389 -4075
332 -3916
106 -3989
135 -3701
410 -3766
231 -3489
17 -3616
64 -3334
0 0
425 -3069
56 -3059
-14 -2897
0 0
120 -2749
369 -2823
382 -2485
60 -2567
409 -2336
0 0
191 -2064
402 -2107
10 -1894
303 -1977
-39 -1656
0 0
152 -1546
442 -1569
265 -1287
11 -1446
81 -1136
394 -1151
64 -873
0 0
331 -722
16 -765
140 -528
424 -615
180 -350
0 0
360 -82
160 -193
332 65
65 -22
132 331
430 207
357 545
143 387
414 657
26 597
-46 866
0 0
110 1111
419 1040
214 1346
0 0
235 1511
470 1354
20 1680
289 1553
-129 1890
0 0
175 2076
0 0
44 2331
422 2257
467 2472
107 2435
70 2706
337 2579
60 2877
301 2848
353 3059
0 0
295 3304
0 0
127 3451
329 3359
286 3698
66 3564
202 3901
0 0
243 4130
20 3984
364 4267
18 4204
77 4542
458 4419
477 4705
240 4577
-24 4940
0 0
194 5116
0 0
449 5347
60 5240
28 5535
284 5439
196 5738
422 5649
164 5934
430 5832
187 6052
0 0
92 6291
0 0
134 6452
345 6429
358 6680
146 6632
147 6877
0 0
121 7144
466 7018
84 7320
359 7212
96 7496
362 7507
431 7719
27 7583
37 7877
457 7783
448 8093
240 8002
32 8291
343 8188
207 8491
473 8370
137 8717
0 0
460 8903
106 8823
239 9086
0 0
16 9326
0 0
398 9527
120 9512
-102 9682
0 0
104 9906
415 9823
447 10130
124 9990
418 10309
0 0
104 10461
375 10356
89 10674
468 10594
237 10914
0 0
24 11093
431 10990
81 11277
293 11221
155 11518
372 11388
144 11726
0 0
81 11892
398 11787
209 12123
458 11972
294 12288
0 0
10 12467
220 12404
449 12690
186 12590
363 12946
0 0
354 13135
23 12990
470 13280
228 13235
427 13461
184 13427
394 13715
57 13638
204 13865
454 13771
413 14081
20 14117
360 14324
110 14208
427 14468
158 14378
8 14734
452 14604
141 14873
369 14828
-3 15052
0 0
304 15322
0 0
340 15494
40 15422
420 15677
67 15597
390 15869
37 15782
406 16142
28 16030
-23 16330
0 0
265 16453
44 16515
432 16746
71 16601
113 16860
406 16887
383 17060
0 0
311 17277
90 17178
8 17544
284 17398
220 17679
467 17729
28 17917
376 17789
-64 18115
0 0
120 18326
438 18227
319 18517
104 18370
324 18664
0 0
144 18931
352 18832
68 19141
380 19009
213 19281
0 0
269 19491
28 19396
69 19725
350 19649
463 19943
132 19784
225 20126
0 0
394 20309
147 20247
443 20482
12 20425
218 20724
445 20626
473 20863
169 20805
367 21073
161 21022
185 21284
0 0
324 21535
96 21448
432 21711
0 0
453 21898
50 21835
21 22109
264 21952
18 22345
0 0
289 22512
48 22460
453 22740
133 22599
-42 22897
0 0
-10 23124
0 0
471 23252
220 23325
424 23455
213 23447
373 23717
0 0
414 23884
201 23759
172 24050
424 23996
367 24332
86 24208
424 24496
115 24365
313 24723
1 24577
245 24903
0 0
35 25076
354 24970
446 25322
126 25182
298 25453
32 25381
457 25652
24 25610
-119 25902
0 0
309 26107
7 25961
269 26310
1 26153
371 26515
133 26417
428 26671
37 26621
193 26861
460 26862
127 27081
411 27011
53 27308
313 27208
412 27459
100 27376
33 27733
0 0
-69 27944
0 0
381 28086
30 27981
109 28327
0 0
388 28545
165 28437
322 28689
9 28599
-94 28860
0 0
347 29149
0 0
304 29267
87 29196
385 29463
172 29353
208 29652
0 0
8 29909
310 29834
360 30143
0 0
-57 30275
0 0
18 30514
378 30444
222 30696
0 0
419 30911
79 30772
5 31140
414 31050
253 31272
7 31238
451 31528
30 31375
11 31687
393 31573
173 31869
0 0
120 32142
0 0
422 32270
201 32152
235 32495
465 32446
423 32680
0 0
130 32937
407 32847
97 33096
422 33008
406 33337
150 33207
240 33542
0 33446
403 33723
176 33631
77 33904
311 33752
84 34112
316 33977
392 34290
4 34247
72 34470
440 34353
320 34745
97 34606
149 34862
396 34825
352 35120
83 34985
437 35317
20 35213
339 35489
39 35378
318 35738
79 35666
179 35931
447 35789
1 36054
0 0
422 36309
179 36163
122 36504
457 36367
145 36695
0 0
450 36888
157 36795
117 37124
376 37021
12 37289
0 0
442 37512
171 37435
418 37733
71 37597
365 37944
106 37821
-115 38082
0 0
177 38278
466 38170
8 38526
250 38426
270 38656
42 38612
437 38944
69 38828
473 39065
237 38989
74 39322
360 39248
23 39468
452 39388
127 39713
461 39598
264 39867
0 0
72 40069
422 39954
63 40254
299 40191
308 40451
77 40530
262 40744
27 40597
327 40886
0 0
17 41090
467 40998
84 41268
293 41204
425 41546
72 41386
94 41701
302 41646
417 41913
163 41790
368 42060
120 41990
-43 42274
0 0
121 42498
384 42416
178 42731
0 0
263 42926
0 0
348 43124
85 42990
297 43336
0 0
117 43516
384 43444
460 43670
50 43618
364 43883
0 0
106 44090
427 43995
13 44253
351 44248
422 44467
163 44436
206 44721
0 0
15 44941
325 44782
215 45116
0 0
338 45287
0 0
385 45522
107 45406
98 45731
314 45602
-88 45934
0 0
258 46052
468 46011
102 46261
373 46243
124 46545
329 46386
251 46679
28 46557
464 46933
181 46900
409 47071
0 0
131 47299
360 47205
277 47477
40 47420
301 47653
6 47564
25 47926
278 47838
243 48071
0 0
312 48279
0 0
368 48496
81 48426
366 48747
0 0
263 48890
0 0
415 49056
210 48961
-8 49265
0 0
156 49526
431 49441
62 49731
265 49624
155 49925
0 0
89 50065
418 49977
67 50348
320 50222
38 50509
245 50366
435 50695
45 50626
292 50920
79 50829
278 51058
0 0
444 51318
211 51198
3 51470
247 51487
130 51652
335 51558
105 51935
401 51848
226 52050
24 52043
-73 52327
0 0
421 52523
119 52450
118 52732
398 52632
37 52850
391 52844
311 53080
0 0
188 53326
407 53196
161 53509
461 53434
277 53650
4 53559
23 53860
223 53761
390 54149
77 54019
131 54324
0 0
422 54508
113 54423
364 54701
119 54566
160 54930
0 0
92 55117
378 55031
196 55325
0 0
285 55474
57 55385
211 55685
450 55615
235 55881
0 0
296 56091
67 55985
307 56312
80 56228
121 56510
393 56383
266 56663
0 0
163 56861
450 56776
320 57094
0 0
167 57294
443 57241
448 57504
51 57385
76 57734
346 57628
277 57878
0 0
2 58114
269 57964
376 58323
0 0
321 58513
108 58381
148 58733
428 58579
55 58943
455 58793
453 59091
13 59050
171 59266
461 59245
465 59529
118 59425
318 59709
0 0
72 59932
328 59784
20 60066
0 0
20 60323
470 60198
430 60465
32 60435
171 60733
0 0
407 60907
0 0
50 61111
470 60959
-118 61300
0 0
73 61483
470 61440
247 61746
38 61686
345 61936
0 0
-118 62094
0 0
389 62318
172 62222
450 62521
133 62389
368 62726
0 0
466 62892
263 62939
35 63063
408 63023
448 63307
182 63227
119 63500
388 63411
37 63748
0 0
56 63856
333 63794
381 64107
53 63967
348 64261
47 64245
108 64537
364 64431
81 64717
329 64578
324 64880
50 64877
450 65051
196 65010
130 65289
348 65185
49 65479
371 65394
178 65733
0 0
259 65856
473 65768
24 66142
245 65999
114 66282
0 0
58 66539
295 66411
99 66678
0 0
211 66924
0 0
393 67091
18 67022
469 67284
51 67164
120 67477
371 67438
417 67650
147 67632
89 67912
462 67836
59 68064
429 68028
236 68262
461 68176
120 68503
336 68379
470 68690
149 68673
53 68916
313 68844
134 69117
437 69040
461 69302
0 0
460 69477
97 69399
423 69671
0 0
11 69903
0 0
422 70122
2 70016
342 70309
100 70224
444 70521
139 70407
66 70695
282 70566
347 70934
0 0
111 71078
369 71004
86 71302
431 71183
222 71494
424 71415
4 71669
397 71649
48 71896
460 71846
288 72148
0 0
131 72304
0 0
55 72480
406 72387
346 72685
101 72643
458 72924
70 72897
106 73078
420 73040
355 73270
0 0
42 73469
371 73371
88 73725
386 73651
59 73911
344 73771
65 74064
0 0
78 74316
363 74167
40 74540
365 74385
107 74687
0 0
321 74903
54 74818
462 75115
140 75002
-15 75258
0 0
355 75506
0 75394
453 75685
103 75551
105 75940
0 0
271 76127
58 75990
116 76333
385 76224
470 76540
99 76431
108 76659
462 76611
17 76915
356 76932
443 77057
99 76952
455 77265
150 77174
92 77499
362 77522
3 77745
0 0
419 77930
26 77834
378 78119
29 78142
138 78331
0 0
324 78480
80 78425
130 78667
0 0
250 78875
0 0
420 79129
57 79012
315 79282
102 79246
152 79464
392 79380
35 79723
264 79643
394 79904
11 79773
42 80076
0 0
45 80270
271 80211
382 80509
135 80356
83 80739
405 80607
413 80877
56 80811
-118 81102
0 0
70 81289
275 81238
385 81517
70 81396
337 81663
99 81635
8 81886
385 81775
188 82063
431 81965
-125 82327
0 0
25 82451
358 82363
423 82656
174 82564
108 82866
468 82754
273 83104
0 0
41 83289
378 83312
423 83512
182 83438
71 83697
371 83551
7 83917
356 83787
47 84119
251 84036
114 84295
342 84243
447 84519
4 84372
238 84694
0 0
460 84919
41 84842
155 85055
371 84967
126 85272
467 85159
472 85501
208 85431
343 85661
11 85605
173 85914
450 85771
178 86123
0 0
429 86286
225 86169
314 86455
79 86421
65 86743
0 0
452 86897
29 86830
-13 87052
0 0
394 87301
0 0
442 87490
79 87392
473 87658
0 0
-5 87936
0 0
115 88143
375 88030
455 88318
79 88208
280 88490
67 88410
436 88728
114 88571
-91 88884
0 0
413 89090
176 89012
424 89325
88 89183
403 89480
43 89389
449 89707
149 89747
229 89874
14 89767
38 90103
0 0
102 90338
392 90199
89 90533
424 90502
146 90702
0 0
59 90920
326 90786
188 91077
389 91048
58 91317
0 0
230 91489
18 91351
438 91727
195 91609
201 91873
468 91896
81 92102
350 91969
399 92260
1 92163
334 92462
100 92391
15 92658
423 92638
214 92888
14 92827
328 93120
0 0
-69 93332
0 0
286 93492
8 93399
213 93740
421 93618
112 93875
389 93850
75 94084
404 94024
448 94278
199 94227
431 94519
197 94415
1 94658
374 94552
227 94874
0 0
385 95102
0 0
375 95280
75 95168
389 95531
168 95523
14 95694
327 95564
291 95943
28 95799
11 96060
228 96014
459 96269
245 96234
471 96504
31 96440
439 96740
186 96580
14 96943
304 96878
0 97072
355 97000
137 97294
0 0
446 97503
189 97369
160 97717
453 97649
199 97906
0 0
109 98144
344 98027
172 98307
400 98248
17 98477
332 98366
147 98683
0 0
4 98942
343 98797
392 99068
55 99042
430 99325
0 0
301 99493
15 99396
147 99706
0 0
214 99912
0 0
58 100096
365 99998
128 100342
0 0
74 100467
381 100441
22 100697
390 100584
471 100942
158 100799
199 101100
0 0
335 101261
51 101215
160 101461
433 101431
59 101731
0 0
146 101939
414 101807
427 102064
61 102049
111 102312
453 102201
221 102549
0 102440
222 102711
0 0
459 102932
0 0
157 103142
367 103034
90 103276
448 103220
425 103472
179 103401
434 103741
188 103612
401 103863
0 0
86 104078
465 103951
31 104320
328 104216
366 104455
5 104382
388 104664
139 104597
421 104934
179 104948
67 105053
395 105026
7 105325
0 0
453 105493
5 105374
62 105681
286 105595
115 105877
331 105837
345 106080
0 106034
159 106330
0 0
8 106529
250 106424
72 106744
373 106601
-46 106882
0 0
302 107091
16 107042
436 107325
215 107238
151 107508
371 107443
442 107658
126 107649
447 107859
80 107848
461 108110
0 0
324 108254
0 0
238 108478
27 108367
-116 108692
0 0
200 108928
0 0
426 109148
103 108992
324 109271
33 109204
7 109453
222 109423
35 109660
285 109562
61 109925
0 0
268 110085
53 110007
239 110339
19 110212
61 110534
335 110405
36 110663
374 110601
101 110863
465 110818
54 111089
0 0
97 111313
0 0
327 111499
55 111387
342 111711
118 111609
390 111900
99 111787
35 112117
249 111970
163 112323
450 112227
451 112454
214 112418
195 112658
434 112569
-50 112902
0 0
321 113059
0 0
111 113254
470 113217
434 113487
130 113437
230 113742
0 0
470 113852
260 113777
46 114096
0 0
261 114282
0 0
88 114475
321 114415
356 114713
56 114629
417 114901
155 114821
38 115132
250 114995
113 115288
0 0
368 115511
139 115360
439 115730
213 115632
146 115894
445 115789
256 116146
0 0
362 116300
41 116156
84 116529
357 116422
75 116731
422 116642
96 116880
333 116849
365 117112
105 117007
56 117310
411 117223
469 117498
171 117506
113 117725
380 117622
217 117873
0 0
58 118103
425 117997
170 118263
379 118271
227 118470
428 118426
390 118696
55 118598
395 118865
20 118786
468 119143
230 119007
7 119293
340 119240
399 119507
98 119399
130 119683
354 119639
444 119894
29 119803
423 120084
212 120036
-32 120279
0 0
364 120529
57 120370
-80 120685
0 0
331 120884
22 120837
461 121149
223 121113
140 121328
0 0
242 121521
452 121401
377 121700
164 121563
104 121875
368 121807
331 122134
0 0
8 122250
298 122198
376 122480
28 122377
465 122671
60 122592
476 122850
256 122792
430 123096
56 123089
389 123281
133 123187
367 123469
125 123384
234 123708
0 0
192 123870
0 0
450 124062
199 123977
-19 124311
0 0
53 124453
275 124405
116 124691
368 124562
131 124897
445 124831
344 125134
0 0
376 125307
61 125167
308 125537
41 125441
71 125678
297 125615
336 125853
2 125825
389 126129
171 126033
116 126327
446 126210
413 126477
13 126355
76 126676
0 0
182 126927
0 0
398 127104
159 127026
264 127334
0 0
406 127460
3 127390
347 127733
33 127591
62 127851
395 127798
312 128065
0 0
470 128318
131 128230
300 128494
81 128398
149 128659
0 0
323 128859
99 128756
0 129070
358 129147
31 129342
0 0
333 129502
70 129372
84 129701
0 0
353 129927
20 129795
319 130147
83 130010
405 130345
133 130307
430 130500
6 130351
101 130699
473 130594
190 130920
0 0
471 131086
0 0
418 131281
196 131216
104 131470
327 131383
140 131673
455 131609
30 131855
320 131763
211 132067
472 132009
260 132271
28 132328
342 132546
83 132397
334 132660
63 132646
384 132885
124 132791
47 133064
302 132988
19 133331
0 0
56 133520
385 133372
128 133685
415 133607
-48 133932
0 0
380 134054
0 0
79 134332
397 134238
451 134534
232 134388
-21 134686
0 0
397 134886
189 134839
298 135084
0 0
108 135341
425 135191
471 135523
28 135448
-72 135715
0 0
37 135923
464 135834
266 136104
6 136149
296 136309
35 136246
350 136524
118 136374
44 136660
266 136713
157 136885
448 136836
466 137077
0 0
29 137319
264 137196
429 137466
133 137373
433 137717
0 0
84 137906
357 137831
-87 138126
0 0
299 138333
0 0
10 138549
269 138422
443 138745
148 138646
188 138898
0 0
205 139123
446 138984
-63 139250
0 0
460 139453
4 139353
235 139708
17 139612
-11 139870
0 0
37 140104
338 140044
386 140279
49 140241
222 140474
471 140515
16 140666
402 140568
342 140897
95 140808
366 141056
0 0
472 141280
79 141195
59 141473
419 141356
159 141658
0 0
443 141941
121 141874
25 142064
355 141979
296 142315
0 0
96 142484
443 142363
6 142720
301 142626
324 142910
3 142799
56 143102
375 143015
246 143285
466 143246
471 143492
177 143375
332 143677
0 0
358 143888
101 143822
301 144078
0 0
423 144254
173 144152
412 144476
196 144396
250 144732
0 0
375 144910
38 144835
418 145119
198 144962
301 145296
99 145244
73 145519
290 145391
424 145695
115 145578
86 145937
0 0
116 146098
352 146127
24 146254
311 146235
126 146538
448 146507
229 146705
0 0
1 146900
446 146802
221 147124
445 147045
454 147283
0 0
358 147471
107 147422
71 147680
0 0
165 147880
432 147834
64 148138
271 148028
55 148345
285 148208
13 148466
341 148393
209 148705
429 148621
451 148882
49 148850
85 149102
433 149009
314 149341
102 149219
141 149488
446 149396
358 149712
152 149614
100 149916
307 149794
45 150067
313 149956
17 150299
0 0
121 150493
321 150375
69 150688
378 150593
78 150880
469 150817
107 151130
386 150977
20 151255
425 151208
378 151459
150 151393
48 151727
406 151599
174 151939
381 151802
-50 152062
0 0
100 152285
371 152211
335 152518
9 152431
370 152744
106 152591
49 152856
372 152757
378 153122
0 0
47 153260
460 153219
358 153547
116 153502
44 153677
257 153588
230 153855
0 0
32 154101
381 154027
-83 154288
0 0
43 154537
288 154436
281 154705
64 154710
404 154852
0 0
154 155103
0 0
106 155333
411 155247
97 155484
363 155413
47 155654
0 0
387 155931
15 155808
422 156117
14 156026
425 156295
0 156189
450 156524
98 156427
88 156692
469 156599
66 156937
356 156812
304 157068
83 156996
231 157306
26 157216
146 157455
404 157398
411 157706
161 157600
132 157881
0 0
451 158104
225 158013
359 158299
39 158242
295 158519
20 158366
392 158706
69 158586
0 158905
325 158796
-34 159125
0 0
232 159301
0 0
363 159480
28 159355
13 159703
294 159649
347 159890
60 159783
372 160106
50 159999
160 160304
461 160218
402 160467
184 160393
38 160675
341 160585
271 160926
0 0
396 161102
38 160951
436 161349
32 161247
125 161453
326 161396
345 161720
0 0
374 161896
4 161840
110 162095
0 0
401 162287
55 162201
178 162480
399 162372
375 162665
130 162688
330 162923
14 162797
140 163059
398 162988
161 163324
0 0
348 163535
97 163394
160 163695
432 163613
299 163919
43 163808
77 164110
475 164030
63 164297
431 164196
346 164503
82 164436
2 164698
0 0
337 164910
125 164817
192 165068
394 165018
219 165300
421 165217
296 165512
95 165418
19 165668
0 0
323 165871
0 0
223 166055
476 165970
-54 166306
0 0
357 166474
100 166402
156 166687
393 166634
419 166895
145 166917
214 167072
0 0
171 167310
429 167222
380 167479
14 167443
274 167706
0 0
143 167932
354 167841
438 168113
163 167986
-91 168326
0 0
20 168480
246 168427
210 168673
0 0
110 168920
0 0
52 169065
285 168968
68 169258
0 0
62 169488
263 169389
113 169659
396 169745
-111 169873
0 0
37 170052
452 170040
185 170347
409 170194
24 170520
415 170487
129 170696
0 0
356 170856
46 170787
291 171092
0 0
353 171308
0 0
250 171487
7 171385
76 171664
371 171713
131 171949
0 0
387 172140
124 171995
305 172321
75 172162
374 172453
26 172419
470 172682
225 172563
45 172947
0 0
83 173109
0 0
278 173295
38 173201
131 173482
435 173445
158 173700
378 173557
15 173893
392 173805
127 174087
0 0
470 174294
48 174181
353 174481
143 174444
308 174749
43 174611
220 174927
0 0
443 175058
108 174984
-27 175315
0 0
353 175506
135 175413
444 175712
238 175642
341 175909
66 175821
243 176140
4 176050
200 176325
447 176198
314 176480
45 176402
301 176726
0 0
26 176904
405 176765
213 177070
6 177023
441 177311
77 177183
31 177527
384 177420
417 177669
0 0
394 177896
177 177756
77 178087
349 178038
39 178268
328 178186
84 178460
410 178423
412 178688
113 178678
423 178877
0 0
463 179126
0 0
105 179275
398 179220
339 179536
130 179388
125 179698
0 0
146 179864
428 179798
-114 180131
0 0
-6 180269
0 0
378 180474
1 180379
7 180667
309 180573
464 180903
11 180845
423 181066
142 181049
387 181285
44 181221
37 181493
380 181442
28 181719
352 181622
-72 181945
0 0
196 182076
414 182041
363 182297
28 182210
401 182547
140 182405
111 182676
382 182628
304 182860
27 182786
27 183079
467 183042
-35 183250
0 0
431 183463
124 183395
32 183666
0 0
413 183854
161 183839
173 184104
391 183967
221 184258
0 0
181 184466
408 184438
329 184722
62 184590
177 184856
459 184761
209 185062
0 0
119 185311
336 185236
19 185504
405 185455
168 185650
0 0
390 185912
173 185802
224 186062
0 0
60 186295
398 186210
66 186537
374 186406
392 186662
151 186597
25 186920
455 186834
11 187069
364 186953
42 187273
426 187249
454 187505
70 187376
436 187730
169 187573
3 187908
0 0
73 188063
378 188016
148 188291
433 188183
103 188453
320 188419
98 188680
0 0
77 188858
447 188847
87 189146
304 189026
112 189300
380 189216
41 189510
473 189410
-37 189702
0 0
97 189927
361 189829
105 190082
392 189978
175 190310
0 0
471 190540
140 190410
0 190724
218 190729
382 190917
0 0
333 191081
49 190971
84 191297
472 191194
413 191509
153 191363
131 191662
0 0
417 191888
217 191795
243 192052
3 191968
10 192328
416 192233
340 192514
0 192428
-87 192699
0 0
88 192892
339 192806
76 193070
435 193101
78 193341
461 193218
402 193473
30 193361
146 193744
396 193605
226 193859
0 0
442 194091
118 193961
466 194272
68 194248
69 194517
340 194436
298 194662
93 194608
385 194899
28 194810
397 195074
140 195009
-85 195303
0 0
414 195548
161 195444
350 195712
0 0
354 195926
107 195798
13 196068
275 196007
-106 196297
0 0
269 196525
37 196422
458 196724
180 196618
124 196948
0 0
-73 197106
0 0
39 197301
439 197166
463 197534
257 197391
84 197689
308 197585
121 197908
419 197760
380 198129
116 197987
431 198324
38 198184
56 198510
387 198353
468 198682
95 198627
91 198862
461 198764
465 199102
162 199014
416 199258
101 199230
458 199522
27 199456
10 199667
326 199639
405 199934
0 0
229 200074
0 0
459 200271
195 200196
20 200454
391 200439
393 200659
141 200582
407 200880
69 200903
275 201106
0 0
304 201252
13 201179
164 201459
411 201351
450 201711
29 201639
417 201873
0 0
449 202121
166 201999
86 202289
0 0
20 202453
458 202352
443 202668
209 202606
117 202856
317 202828
82 203094
318 202989
86 203319
297 203175
456 203522
72 203389
96 203724
0 0
441 203856
62 203949
307 204123
0 0
68 204286
368 204165
20 204484
442 204414
474 204743
25 204638
370 204917
0 0
456 205093
94 204951
129 205319
355 205236
49 205537
380 205394
23 205737
303 205577
470 205866
225 205753
-32 206071
0 0
165 206250
371 206208
439 206493
49 206360
150 206657
0 0
385 206852
153 206774
80 207111
381 207016
430 207349
110 207209
427 207531
20 207419
14 207746
368 207638
55 207899
0 0
208 208095
408 207955
-55 208283
0 0
441 208547
19 208404
18 208693
427 208559
433 208942
0 0
377 209128
144 209040
412 209288
143 209244
97 209483
401 209439
421 209671
15 209594
290 209911
45 209766
156 210073
370 209968
62 210328
282 210211
89 210472
420 210434
223 210733
21 210644
97 210890
0 0
394 211096
141 211051
317 211307
59 211240
380 211492
75 211351
120 211722
469 211745
430 211884
0 0
341 212132
0 0
426 212295
5 212177
123 212462
428 212384
358 212712
43 212592
422 212920
5 212801
461 213105
62 212960
21 213270
278 213207
286 213460
2 213414
372 213727
0 0
222 213925
16 213859
147 214070
376 213969
101 214301
390 214200
471 214486
188 214449
82 214677
316 214572
55 214930
450 214844
376 215073
110 214996
84 215298
309 215154
125 215465
367 215402
455 215694
250 215636
380 215949
33 215866
3 216058
234 215984
108 216292
0 0
284 216540
58 216424
124 216673
0 0
149 216924
0 0
39 217054
331 217047
19 217286
239 217204
49 217530
277 217504
16 217657
441 217591
428 217937
212 217809
414 218090
0 0
418 218316
63 218158
143 218461
419 218395
-113 218692
0 0
189 218899
417 218778
177 219134
0 0
259 219326
59 219176
166 219491
367 219361
417 219674
38 219650
37 219876
239 219808
82 220069
367 220008
331 220254
0 0
102 220496
307 220448
285 220668
49 220575
458 220945
0 0
155 221139
443 221069
156 221335
419 221267
464 221509
7 221540
36 221722
0 0
407 221864
135 221760
22 222122
0 0
13 222328
282 222245
277 222548
52 222440
453 222655
192 222561
107 222916
0 0
63 223055
372 223127
412 223289
60 223247
101 223516
438 223366
84 223668
413 223580
93 223858
387 223765
347 224062
84 224052
142 224277
414 224169
149 224472
419 224362
81 224739
305 224639
246 224882
462 224841
150 225104
0 0
114 225268
0 0
451 225487
12 225427
247 225746
0 0
188 225935
0 0
268 226058
50 226022
136 226252
459 226163
52 226518
358 226396
234 226651
468 226595
223 226920
4 226847
-7 227111
0 0
74 227316
424 227282
283 227517
47 227375
392 227681
43 227616
363 227901
126 227850
88 228135
450 228033
117 228298
390 228201
358 228492
134 228403
112 228693
395 228558
98 228891
444 228828
407 229068
21 229014
120 229306
456 229226
474 229532
112 229425
380 229719
106 229588
128 229934
0 0
190 230056
0 0
373 230343
48 230207
335 230509
57 230387
132 230720
0 0
250 230907
31 230816
85 231086
342 231034
-88 231261
0 0
79 231519
333 231432
369 231670
106 231583
71 231939
0 0
138 232101
355 232036
229 232268
0 0
457 232484
21 232438
14 232662
440 232581
80 232916
0 0
277 233084
0 0
127 233332
433 233203
277 233479
32 233441
95 233743
399 233668
17 233863
381 233834
471 234091
108 233971
456 234295
0 0
409 234498
158 234421
291 234709
0 0
447 234915
28 234791
194 235052
408 234959
388 235303
116 235198
326 235461
117 235406
409 235659
69 235587
29 235901
0 0
36 236140
0 0
423 236340
172 236198
455 236499
185 236403
36 236658
328 236624
3 236919
330 236836
33 237054
0 0
465 237314
0 0
63 237485
332 237537
92 237669
299 237701
50 237857
342 237759
123 238135
450 238048
254 238334
24 238210
341 238519
91 238376
473 238677
262 238723
75 238855
0 0
160 239053
0 0
427 239302
223 239215
356 239519
63 239449
106 239730
428 239597
344 239882
26 239832
443 240119
133 240027
169 240312
401 240168
182 240488
397 240419
330 240660
0 0
197 240862
398 240782
454 241097
196 241014
252 241250
0 0
63 241480
275 241356
150 241712
399 241646
2 241947
422 241846
267 242104
26 241998
324 242261
77 242169
11 242457
438 242431
114 242673
391 242580
106 242879
436 242828
459 243106
68 242965
247 243276
0 0
385 243536
161 243438
452 243716
17 243608
359 243888
37 243807
478 244112
92 244097
440 244299
202 244213
75 244518
437 244363
316 244697
4 244569
234 244877
0 0
84 245144
311 244988
31 245264
240 245308
407 245528
45 245491
28 245694
0 0
228 245883
458 245782
-108 246116
0 0
352 246341
0 0
352 246452
70 246416
-102 246703
0 0
101 246886
0 0
184 247055
452 246953
459 247333
31 247213
469 247472
205 247423
444 247704
186 247622
56 247897
377 247827
41 248096
310 248021
370 248251
73 248235
223 248511
477 248361
453 248744
125 248634
420 248893
116 248835
426 249080
0 0
147 249318
363 249246
320 249452
82 249369
193 249695
438 249561
409 249907
0 0
392 250118
60 250050
249 250261
461 250246
291 250499
81 250360
328 250698
78 250650
143 250901
393 250848
-86 251136
0 0
81 251341
335 251305
461 251490
84 251358
187 251739
0 0
450 251854
73 251833
97 252084
429 252023
60 252324
339 252192
114 252487
375 252359
315 252708
0 0
60 252885
0 0
255 253064
474 253001
170 253326
0 0
396 253452
117 253390
445 253661
221 253596
79 253899
0 0
420 254076
0 0
471 254325
227 254224
74 254491
351 254374
287 254674
0 0
298 254948
43 254833
465 255068
86 255005
214 255272
7 255205
36 255453
254 255376
66 255742
0 0
286 255904
0 0
53 256108
450 256029
439 256325
61 256242
451 256533
207 256432
130 256736
374 256629
104 256864
396 256758
225 257098
0 0
454 257253
245 257213
5 257474
421 257368
138 257692
466 257580
6 257919
419 257866
422 258146
0 0
81 258344
0 0
420 258464
205 258420
89 258700
363 258686
33 258913
412 258756
369 259130
163 259049
25 259257
0 0
282 259499
77 259405
321 259702
43 259597
54 259869
448 259819
130 260083
333 260030
109 260259
340 260161
464 260469
136 260446
137 260747
0 0
32 260885
259 260768
311 261131
12 261013
-105 261347
0 0
92 261480
413 261414
-56 261698
0 0
70 261936
320 261778
38 262098
299 261988
-83 262313
0 0
40 262507
422 262420
143 262656
423 262569
400 262879
173 262775
244 263136
0 0
13 263333
439 263222
161 263518
446 263448
364 263730
0 0
436 263880
134 263789
52 264126
421 263988
349 264326
0 0
418 264467
46 264357
192 264743
421 264607
471 264856
19 264776
74 265115
392 265004
401 265305
146 265169
476 265494
57 265482
337 265731
66 265599
-54 265944
0 0
98 266064
303 266031
312 266324
112 266224
130 266477
453 266448
471 266700
69 266589
151 266941
397 266831
174 267112
0 0
284 267349
0 0
126 267452
452 267480
-123 267676
0 0
31 267904
455 267924
463 268119
242 268060
353 268338
152 268214
350 268492
39 268426
2 268692
253 268620
184 268942
430 268933
455 269061
0 0
242 269318
448 269179
320 269471
14 269407
51 269736
0 0
465 269909
59 269827
367 270131
0 0
254 270266
25 270250
174 270478
469 270411
305 270655
15 270593
269 270855
0 0
114 271081
397 271038
394 271277
98 271316
371 271507
119 271427
196 271669
414 271566
133 271860
0 0
420 272059
217 271977
473 272252
112 272249
13 272525
385 272378
462 272682
0 0
317 272923
37 272781
269 273108
21 273039
138 273308
0 0
21 273465
364 273391
52 273652
362 273637
355 273852
0 0
127 274092
464 274044
35 274312
454 274186
37 274457
291 274418
288 274703
39 274574
435 274881
219 274779
275 275065
39 275027
158 275302
412 275185
264 275532
470 275385
131 275716
448 275598
146 275853
405 275783
461 276088
0 0
63 276289
466 276175
331 276508
100 276409
139 276703
0 0
311 276892
0 0
398 277144
92 277019
425 277308
8 277200
344 277527
86 277415
1 277678
337 277644
-71 277866
0 0
377 278060
96 277957
462 278276
233 278237
461 278498
123 278376
160 278738
430 278601
250 278903
48 278815
149 279141
438 278981
442 279287
0 0
261 279514
470 279441
-65 279701
0 0
166 279858
449 279796
280 280066
41 279968
171 280279
0 0
288 280525
73 280419
134 280724
369 280612
440 280929
128 280916
395 281123
148 281022
352 281330
53 281221
234 281456
465 281438
34 281705
272 281632
381 281855
19 281811
-106 282129
0 0
280 282269
0 0
472 282521
70 282419
24 282705
432 282590
246 282915
465 282831
147 283128
369 282995
315 283254
0 0
57 283510
413 283378
16 283674
411 283594
449 283895
141 283849
362 284095
84 283983
402 284337
168 284204
102 284479
344 284380
-27 284665
0 0
213 284877
435 284765
-81 285098
0 0
401 285330
0 0
440 285466
223 285450
402 285678
93 285620
334 285889
14 285772
334 286071
46 286049
155 286326
0 0
349 286495
25 286402
126 286703
457 286626
321 286926
107 286791
447 287141
88 286989
259 287283
28 287226
137 287467
405 287390
210 287664
0 0
105 287946
313 287797
-4 288092
0 0
386 288305
117 288223
15 288527
436 288383
347 288651
31 288551
275 288852
0 0
381 289081
46 288985
464 289313
101 289326
242 289490
42 289417
375 289698
10 289587
187 289889
390 289823
135 290098
467 290025
454 290318
222 290329
307 290545
20 290390
419 290715
0 0
163 290934
397 290806
199 291084
0 0
405 291319
205 291250
398 291540
156 291443
116 291689
0 0
463 291901
0 0
419 292078
24 291985
264 292292
0 0
73 292468
422 292386
360 292725
123 292576
188 292923
0 0
-75 293137
0 0
329 293270
77 293184
109 293521
442 293372
240 293712
471 293643
1 293862
400 293849
11 294133
321 293996
77 294274
0 0
437 294489
73 294457
288 294702
0 0
457 294875
92 294763
164 295139
428 295036
1 295262
334 295213
90 295547
402 295407
29 295730
391 295581
68 295875
344 295764
342 296053
137 296029
106 296322
466 296270
64 296471
389 296417
57 296727
0 0
26 296906
326 296791
446 297073
167 296951
324 297347
16 297264
173 297476
470 297367
128 297743
361 297626
391 297876
26 297767
263 298061
49 297959
364 298338
120 298216
45 298481
408 298461
62 298702
398 298621
-68 298945
0 0
465 299094
219 298969
93 299274
396 299213
280 299512
26 299359
439 299683
86 299578
430 299862
103 299813
-27 300124
0 0
278 300318
0 0
425 300460
200 300371
144 300730
0 0
85 300934
399 300850
263 301080
38 300975
-33 301264
0 0
396 301489
121 301434
156 301728
411 301638
369 301909
0 0
-43 302144
0 0
276 302254
52 302217
321 302471
72 302432
312 302737
0 0
318 302879
76 302785
58 303097
326 303001
72 303279
392 303173
98 303478
340 303485
39 303693
360 303694
402 303904
127 303825
72 304086
446 303965
122 304266
436 304328
144 304452
429 304367
403 304669
187 304570
345 304861
0 0
441 305074
0 0
47 305349
450 305224
421 305511
73 305373
39 305722
0 0
465 305873
209 305801
269 306073
2 306029
427 306322
129 306249
333 306487
43 306435
182 306682
400 306566
50 306906
356 306845
440 307100
238 307012
-98 307276
0 0
40 307486
403 307532
27 307657
400 307634
178 307937
0 0
205 308118
439 307958
441 308265
204 308214
6 308455
224 308448
96 308719
357 308686
345 308922
47 308789
336 309148
0 0
319 309255
0 0
69 309548
371 309518
96 309726
465 309636
38 309944
0 0
355 310134
55 310125
159 310327
465 310248
465 310483
256 310429
470 310692
29 310576
262 310872
470 310828
-3 311062
0 0
464 311330
212 311174
392 311522
60 311365
102 311690
464 311671
472 311878
80 311828
89 312127
429 312028
345 312320
11 312332
136 312468
386 312428
-70 312733
0 0
202 312915
0 0
88 313067
443 312955
427 313314
0 0
75 313536
451 313436
268 313735
68 313609
433 313926
0 0
358 314104
125 314002
4 314259
219 314226
48 314456
272 314390
245 314738
454 314626
388 314885
88 314782
250 315142
472 315014
423 315317
0 0
115 315497
357 315400
203 315728
0 0
208 315948
0 0
410 316146
29 315999
213 316250
432 316196
308 316534
78 316440
409 316732
133 316597
112 316891
400 316825
325 317126
89 317039
36 317291
361 317175
46 317474
429 317443
409 317749
0 0
460 317857
95 317762
359 318110
3 317969
75 318315
456 318299
2 318483
247 318401
337 318653
134 318603
466 318903
110 318768
176 319090
458 318980
294 319272
68 319170
45 319487
425 319356
98 319695
300 319602
375 319889
132 319822
248 320091
0 0
466 320298
257 320191
182 320483
457 320400
363 320705
72 320595
57 320901
307 320754
216 321066
0 0
379 321279
131 321213
38 321458
390 321400
183 321688
0 0
74 321897
0 0
47 322070
464 322140
347 322299
135 322156
377 322480
86 322437
427 322719
87 322632
297 322914
0 0
270 323053
0 0
284 323275
41 323243
52 323470
322 323359
436 323656
232 323558
25 323934
451 323804
-117 324065
0 0
21 324291
0 0
390 324513
150 324388
383 324729
49 324635
443 324913
172 324844
310 325092
108 324990
177 325277
0 0
109 325533
460 325380
63 325726
406 325587
248 325923
0 0
-69 326075
0 0
5 326333
376 326247
151 326542
372 326430
366 326748
65 326649
185 326885
468 326758
102 327083
0 0
181 327318
0 0
373 327469
8 327384
446 327738
116 327625
40 327854
458 327833
22 328114
252 328016
404 328267
0 0
202 328467
465 328428
53 328724
462 328652
151 328867
0 0
260 329057
39 329088
420 329295
109 329223
68 329497
417 329428
260 329683
0 0
25 329864
255 329842
384 330143
3 330005
336 330268
67 330246
469 330459
266 330365
202 330731
446 330639
444 330934
90 330823
63 331113
426 331019
182 331251
470 331185
39 331477
415 331385
58 331717
393 331623
163 331873
427 331821
458 332108
151 332025
141 332255
359 332162
419 332517
105 332412
405 332688
0 0
141 332919
465 332771
382 333104
96 333002
188 333280
436 333194
424 333523
108 333423
281 333678
0 0
367 333906
0 0
134 334062
343 334012
457 334307
219 334163
471 334544
174 334444
91 334683
395 334691
137 334924
0 0
6 335074
341 335015
369 335327
120 335179
63 335518
438 335411
0 335696
0 0
55 335893
448 335792
79 336084
392 335966
216 336284
0 0
81 336474
336 336428
96 336676
371 336589
389 336864
57 336829
82 337105
403 337019
21 337305
0 0
450 337468
34 337482
70 337681
314 337558
216 337868
0 337829
365 338070
35 338045
391 338275
4 338245
276 338519
19 338387
5 338688
434 338590
96 338850
338 338785
441 339121
0 0
71 339268
435 339212
419 339512
142 339390
153 339653
0 0
397 339898
62 339844
386 340127
164 340049
94 340322
458 340218
409 340534
164 340432
357 340659
41 340609
359 340857
0 0
273 341097
10 340981
244 341295
456 341214
211 341484
412 341382
420 341708
44 341619
432 341927
228 341828
337 342120
0 0
-11 342326
0 0
20 342505
275 342395
254 342692
466 342602
85 342889
394 342803
149 343085
410 342967
19 343268
453 343239
102 343523
369 343431
53 343669
458 343681
91 343891
310 343947
92 344059
0 0
470 344310
122 344235
464 344510
249 344352
49 344723
0 0
328 344850
75 344790
32 345144
0 0
243 345315
27 345211
291 345531
43 345396
-93 345671
0 0
369 345909
128 345787
205 346143
421 346034
-11 346302
0 0
119 346534
359 346501
346 346680
111 346604
369 346887
127 346822
359 347120
143 346991
320 347290
5 347193
122 347468
449 347530
9 347680
401 347580
446 347878
125 347773
205 348104
0 0
96 348254
0 0
216 348502
470 348388
391 348728
162 348608
463 348919
189 348777
440 349133
239 349017
91 349310
0 0
14 349483
450 349426
454 349659
195 349616
478 349908
132 349760
410 350094
129 350005
463 350255
67 350175
465 350549
235 350517
154 350676
0 0
74 350939
459 350822
386 351081
70 351041
-65 351271
0 0
276 351485
17 351408
115 351682
0 0
410 351944
0 0
405 352088
141 351956
469 352294
0 0
42 352495
271 352426
442 352742
101 352596
31 352891
365 352846
152 353127
398 353028
17 353326
271 353175
62 353489
266 353447
465 353708
189 353596
115 353862
359 353810
39 354118
392 353967
114 354304
401 354154
317 354547
29 354389
-8 354674
0 0
130 354921
0 0
52 355052
335 354990
258 355333
22 355197
6 355491
380 355386
418 355673
161 355603
443 355917
231 355789
135 356093
0 0
394 356317
22 356184
199 356451
419 356428
142 356685
0 0
326 356896
95 356795
151 357095
418 357081
71 357298
420 357229
294 357499
40 357375
272 357669
1 357626
448 357890
193 357809
437 358090
104 357959
439 358323
0 0
295 358471
83 358438
443 358708
78 358648
49 358897
261 358769
110 359087
0 0
14 359265
474 359205
454 359487
3 359405
117 359677
0 0
37 359931
471 359844
297 360114
68 359973
362 360289
0 0
314 360487
23 360543
106 360748
410 360634
154 360859
354 360822
311 361098
107 360980
343 361274
105 361250
146 361508
360 361438
2 361654
336 361622
40 361860
454 361820
231 362056
0 0
97 362331
419 362206
460 362496
87 362445
239 362698
6 362559
20 362892
303 362841
81 363083
370 363036
118 363318
327 363206
177 363493
387 363422
23 363746
0 0
105 363894
0 0
349 364074
43 363972
391 364267
0 0
7 364521
307 364423
406 364735
0 364615
-104 364854
0 0
429 365126
0 0
350 365275
147 365230
454 365549
238 365394
266 365691
0 0
96 365946
443 365854
46 366087
457 366005
420 366293
0 0
24 366521
455 366362
376 366747
22 366601
65 366909
404 366825
345 367070
99 366959
326 367282
0 0
24 367459
306 367399
381 367655
172 367571
82 367934
0 0
365 368108
165 367965
435 368294
221 368151
27 368466
312 368377
385 368711
57 368591
118 368875
366 368862
399 369099
0 0
165 369322
445 369192
476 369549
58 369442
82 369693
419 369611
360 369902
116 369802
11 370125
221 370005
-75 370347
0 0
400 370499
34 370400
327 370716
90 370643
41 370856
394 370843
392 371073
123 370955
270 371269
11 371176
303 371515
15 371411
67 371742
392 371697
59 371892
380 371791
381 372121
0 0
-29 372286
0 0
77 372475
291 372419
435 372721
183 372738
180 372912
0 0
17 373116
244 372976
281 373333
0 0
460 373544
15 373442
76 373650
441 373636
281 373917
3 373830
438 374078
137 373967
40 374289
340 374226
472 374450
268 374509
464 374703
128 374579
131 374894
368 374807
293 375073
0 0
303 375323
13 375164
3 375522
235 375442
177 375685
396 375612
149 375927
0 0
146 376067
439 376002
114 376304
461 376214
144 376497
471 376364
73 376671
345 376674
35 376870
384 376795
427 377056
165 377048
174 377321
390 377230
1 377511
339 377428
279 377703
48 377729
358 377929
77 377798
465 378050
31 378003
201 378341
0 0
428 378520
42 378425
373 378741
0 0
356 378877
0 0
425 379111
119 379053
335 379274
0 0
289 379502
39 379372
24 379715
335 379559
90 379857
0 0
-104 380071
0 0
468 380347
113 380201
41 380455
288 380380
1 380667
377 380551
149 380895
379 380808
430 381093
178 380976
335 381311
0 0
444 381478
194 381355
325 381675
0 0
7 381852
283 381785
119 382058
359 381992
54 382327
434 382213
411 382503
166 382443
56 382729
349 382633
92 382866
380 382824
424 383105
0 0
34 383284
390 383199
259 383529
44 383414
461 383699
40 383582
474 383899
246 383767
24 384085
384 384022
99 384290
387 384243
176 384506
473 384366
149 384747
367 384671
216 384899
420 384829
145 385050
360 384989
394 385303
64 385203
65 385494
402 385405
396 385736
45 385624
435 385943
190 385817
79 386107
0 0
87 386268
356 386192
85 386510
419 386405
255 386652
478 386637
122 386902
398 386943
159 387063
0 0
270 387265
61 387170
282 387502
64 387389
209 387704
0 0
344 387941
76 387846
289 388076
4 387963
398 388310
52 388178
267 388548
42 388450
246 388663
1 388574
470 388912
0 0
426 389079
39 389004
432 389323
160 389190
102 389507
339 389420
266 389726
14 389613
123 389925
450 389837
50 390141
297 390036
315 390261
0 0
444 390478
154 390398
60 390689
339 390580
339 390875
0 0
383 391081
151 390965
183 391298
386 391232
410 391465
90 391416
254 391745
27 391635
-93 391918
0 0
41 392082
403 391967
84 392310
368 392211
426 392521
69 392399
4 392691
250 392555
330 392916
110 392759
3 393114
0 0
174 393286
0 0
423 393489
97 393422
279 393689
0 0
374 393923
144 393807
342 394081
121 394042
275 394304
0 0
64 394478
337 394427
108 394680
308 394645
75 394921
341 394792
-68 395135
0 0
360 395273
54 395183
105 395459
366 395383
422 395668
0 0
444 395944
37 395837
366 396116
62 395957
82 396312
445 396194
72 396451
415 396396
-25 396686
0 0
404 396866
0 0
450 397100
42 397013
-87 397293
0 0
156 397457
410 397400
9 397674
297 397577
464 397862
214 397809
455 398050
25 397979
335 398254
84 398346
440 398504
48 398360
189 398729
0 0
139 398854
354 398801
130 399110
341 398953
-67 399341
0 0
370 399458
26 399352
189 399650
446 399606
40 399922
0 0
98 400138
324 399992
184 400258
0 0
429 400465
81 400367
406 400650
110 400625
193 400925
0 0
41 401128
0 0
67 401277
360 401312
425 401491
218 401360
107 401701
444 401590
419 401900
113 401782
447 402081
0 0
325 402321
0 0
97 402524
427 402377
137 402655
381 402643
394 402925
135 402765
359 403096
82 402973
463 403309
236 403249
437 403540
213 403449
218 403701
447 403564
86 403852
0 0
435 404127
227 403990
77 404290
329 404179
148 404468
430 404422
110 404689
380 404586
293 404878
2 404816
80 405115
0 0
303 405321
101 405184
349 405456
116 405404
89 405685
439 405644
32 405947
0 0
425 406075
126 405966
138 406290
363 406199
395 406524
86 406516
417 406708
78 406599
85 406901
351 406755
223 407077
12 406958
213 407333
438 407209
260 407480
35 407386
184 407652
0 0
77 407884
312 407771
383 408061
0 0
128 408260
399 408157
428 408504
43 408507
-84 408749
0 0
155 408944
392 408874
102 409109
302 408962
442 409264
96 409172
118 409475
341 409516
170 409722
400 409619
-24 409921
0 0
144 410136
0 0
460 410314
44 410226
49 410462
294 410431
20 410710
0 0
5 410875
270 410836
383 411107
134 411047
462 411279
0 0
99 411452
315 411436
393 411716
63 411605
212 411908
0 0
468 412119
205 412000
95 412302
413 412232
58 412508
449 412419
55 412658
474 412609
157 412912
385 412816
388 413053
188 412974
460 413311
208 413247
47 413533
416 413440
142 413730
349 413584
318 413942
16 413836
338 414055
6 414045
302 414308
53 414181
115 414518
339 414422
370 414732
0 0
38 414906
369 414827
11 415098
397 414994
101 415282
0 0
374 415526
40 415533
360 415654
90 415629
409 415875
172 415839
20 416132
266 415974
401 416254
58 416242
473 416462
93 416413
446 416738
0 0
148 416877
464 416801
218 417123
0 0
76 417269
410 417190
360 417490
143 417423
380 417732
68 417576
-21 417920
0 0
271 418137
67 418050
428 418308
204 418234
12 418478
455 418351
477 418734
66 418635
7 418900
0 0
438 419058
34 419026
270 419251
32 419234
127 419536
427 419418
257 419723
0 0
418 419936
188 419809
99 420131
402 419971
338 420298
45 420246
274 420519
55 420429
162 420665
457 420611
225 420927
0 0
11 421084
392 420987
23 421324
357 421204
144 421539
459 421442
15 421702
431 421554
288 421907
35 421756
375 422085
87 422027
377 422344
137 422250
313 422471
0 422384
177 422674
0 0
76 422859
303 422801
392 423147
0 0
57 423297
0 0
385 423518
165 423363
-120 423743
0 0
89 423910
368 423796
48 424092
323 424037
390 424255
88 424184
449 424458
116 424392
5 424671
432 424600
113 424918
366 424813
5 425084
448 424961
31 425285
290 425198
163 425514
382 425430
163 425692
410 425576
61 425913
362 425773
259 426115
0 0
369 426284
50 426241
182 426488
478 426376
389 426678
36 426608
70 426924
321 426902
436 427099
93 427041
220 427342
0 0
49 427455
466 427360
173 427675
430 427564
248 427887
0 0
384 428075
0 0
103 428285
383 428247
5 428500
425 428461
411 428678
122 428587
35 428868
286 428855
111 429067
327 429032
338 429293
87 429159
350 429479
113 429353
-118 429677
0 0
127 429865
463 429824
392 430074
67 429961
428 430251
0 0
348 430450
128 430360
463 430651
166 430625
251 430873
0 0
333 431145
46 431019
424 431275
86 431223
389 431511
59 431352
323 431651
114 431569
449 431873
135 431850
350 432054
113 432033
391 432317
0 0
33 432455
372 432381
163 432709
404 432610
183 432881
468 432791
32 433102
250 433022
181 433294
0 0
390 433477
132 433364
79 433697
332 433558
346 433947
80 433818
161 434062
478 434030
296 434251
83 434270
368 434499
51 434363
149 434698
0 0
353 434908
143 434776
-69 435134
0 0
222 435314
467 435186
81 435478
320 435386
439 435678
134 435555
406 435852
17 435832
103 436076
421 435996
291 436287
14 436249
473 436519
131 436392
475 436664
210 436562
171 436860
460 436819
152 437113
454 436970
274 437306
50 437204
139 437511
419 437444
134 437666
375 437600
56 437903
453 437850
218 438107
0 0
434 438305
27 438240
409 438464
35 438419
220 438656
0 0
185 438932
454 438844
267 439064
40 439035
320 439346
0 0
13 439482
445 439393
31 439692
281 439644
353 439938
0 0
81 440079
310 439959
4 440349
323 440230
72 440511
437 440379
465 440742
0 0
389 440899
113 440845
425 441130
214 441013
381 441274
0 0
37 441464
399 441420
200 441662
0 0
-56 441865
0 0
30 442089
284 441996
405 442271
182 442168
35 442521
397 442386
370 442674
38 442557
105 442926
360 442841
-92 443079
0 0
118 443298
427 443208
48 443510
416 443450
49 443655
0 0
425 443917
182 443779
417 444111
0 0
331 444253
0 0
319 444453
78 444390
314 444695
11 444634
191 444923
0 0
62 445142
299 445034
376 445321
90 445243
457 445543
147 445416
371 445660
166 445565
452 445851
249 445773
114 446058
357 445958
462 446288
110 446245
13 446480
376 446367
372 446725
150 446639
292 446905
66 446812
431 447129
0 0
22 447321
275 447226
28 447521
243 447371
-53 447729
0 0
42 447853
0 0
58 448077
428 447954
155 448270
0 0
54 448517
433 448374
294 448700
55 448615
148 448936
429 448777
12 449141
328 449017
19 449274
455 449232
51 449455
445 449359
2 449651
350 449558
433 449900
159 449790
362 450139
0 0
402 450250
0 0
121 450524
395 450375
208 450670
0 0
62 450948
346 450846
109 451116
394 450972
23 451317
299 451183
2 451543
356 451429
33 451677
400 451726
-59 451929
0 0
-113 452062
0 0
105 452280
330 452211
1 452531
324 452447
-47 452737
0 0
245 452899
472 452761
297 453081
0 0
130 453265
384 453154
124 453505
340 453372
16 453739
372 453622
429 453906
5 453836
127 454067
329 453978
412 454258
129 454200
389 454489
151 454382
317 454651
46 454597
224 454880
457 454878
254 455116
42 455014
41 455304
283 455167
52 455466
458 455406
24 455651
0 0
447 455857
24 455759
453 456091
72 455964
-34 456333
0 0
31 456493
238 456416
7 456658
309 456574
63 456933
0 0
355 457103
8 457036
428 457325
0 0
453 457471
15 457420
383 457693
43 457740
118 457923
416 457765
229 458073
0 0
407 458264
160 458227
429 458472
22 458403
317 458665
92 458590
438 458925
209 458793
449 459081
0 0
359 459339
13 459182
291 459475
57 459473
23 459656
237 459551
298 459855
51 459764
436 460061
119 459993
314 460307
54 460230
156 460501
367 460364
44 460689
435 460630
461 460896
147 460764
381 461065
18 461013
393 461262
39 461205
14 461467
452 461368
83 461685
363 461553
428 461863
13 461823
56 462145
398 462037
0 462337
0 0
70 462543
270 462449
384 462739
68 462596
355 462893
8 462814
78 463074
280 463009
412 463287
65 463188
35 463453
424 463368
15 463718
416 463623
461 463916
0 0
-40 464122
0 0
34 464263
295 464192
103 464495
429 464367
-41 464746
0 0
386 464868
10 464841
101 465129
0 0
336 465257
0 0
394 465531
66 465428
365 465699
0 0
308 465882
0 0
150 466078
414 465951
386 466310
108 466210
417 466533
113 466385
303 466701
29 466650
82 466866
0 0
9 467111
251 467042
27 467284
251 467178
361 467508
160 467392
376 467666
26 467682
290 467908
14 467768
393 468079
168 468011
233 468299
0 0
35 468482
257 468374
423 468659
33 468570
12 468937
0 0
444 469073
30 468980
90 469268
0 0
199 469511
403 469446
124 469664
466 469604
411 469880
67 469781
-117 470082
0 0
141 470256
347 470166
0 470457
445 470364
181 470716
465 470567
22 470919
298 470803
-23 471082
0 0
468 471273
235 471197
346 471456
60 471363
469 471699
0 0
453 471857
206 471796
7 472135
235 472016
458 472307
228 472200
99 472491
320 472380
348 472706
138 472585
377 472946
99 472846
64 473149
438 473037
130 473251
340 473225
145 473465
367 473364
374 473715
0 0
178 473853
431 473767
156 474112
0 0
-51 474341
0 0
124 474460
462 474409
197 474695
416 474552
59 474886
0 0
453 475089
92 474975
404 475265
128 475192
427 475513
90 475448
472 475685
42 475577
393 475895
147 475909
46 476063
406 475960
364 476266
21 476216
145 476453
395 476388
389 476668
153 476605
309 476872
84 476827
159 477064
426 477013
20 477329
404 477195
295 477471
68 477373
416 477714
193 477649
225 477904
0 0
403 478074
8 477981
88 478319
0 0
66 478477
306 478440
27 478735
390 478611
75 478911
342 478834
315 479071
0 0
157 479292
387 479157
162 479481
406 479431
438 479733
4 479655
150 479915
452 479801
199 480058
0 0
129 480343
417 480249
102 480524
370 480441
52 480705
0 0
359 480864
20 480841
198 481131
443 480980
471 481331
0 0
289 481451
19 481370
412 481668
14 481600
102 481851
463 481760
-42 482069
0 0
122 482297
323 482185
282 482507
70 482357
213 482743
0 0
80 482895
439 482769
410 483097
27 482985
19 483251
261 483159
165 483542
412 483419
448 483734
157 483622
-6 483907
0 0
397 484140
135 483980
380 484266
0 0
448 484516
211 484394
83 484650
385 484593
239 484860
0 0
21 485062
0 0
378 485279
29 485229
232 485461
2 485353
436 485657
0 0
317 485852
43 485843
419 486143
0 0
333 486256
125 486158
5 486505
320 486436
143 486666
0 0
-25 486926
0 0
425 487096
170 486970
479 487346
171 487216
108 487467
318 487366
117 487699
322 487608
413 487928
0 0
446 488050
0 0
356 488261
3 488232
140 488520
375 488433
136 488715
438 488582
123 488900
337 488826
21 489141
348 489146
109 489259
363 489239
15 489523
397 489368
240 489654
0 0
236 489907
5 489808
357 490104
48 490000
-35 490298
0 0
130 490481
442 490437
344 490726
30 490636
200 490870
408 490849
30 491117
330 490962
181 491297
427 491184
121 491516
376 491408
73 491713
275 491567
294 491859
74 491944
380 492074
15 492076
386 492323
0 0
37 492474
378 492425
384 492706
0 0
262 492926
7 492766
476 493059
272 492964
386 493267
97 493153
456 493512
254 493375
459 493701
244 493572
305 493891
0 0
355 494061
79 494046
396 494288
34 494158
230 494534
453 494389
135 494690
382 494734
434 494909
12 494796
63 495087
398 495035
335 495270
0 0
215 495468
14 495376
31 495686
327 495616
187 495932
429 495804
469 496129
206 496024
304 496303
17 496218
469 496479
169 496428
130 496682
341 496716
433 496895
56 496763
398 497131
194 497011
87 497301
464 497222
283 497450
8 497405
417 497741
3 497645
63 497863
288 497804
336 498119
0 0
35 498256
362 498241
429 498510
150 498390
356 498714
0 0
315 498879
38 498919
65 499092
462 499000
254 499256
23 499234
322 499473
51 499365
198 499671
411 499579
325 499945
28 499810
44 500075
383 499951
458 500306
139 500226
467 500457
148 500407
462 500711
0 0
41 500937
298 500850
168 501076
0 0
246 501308
0 501233
202 501534
426 501520
56 501659
367 501638
333 501875
84 501842
317 502087
9 501952
47 502298
435 502249
466 502456
57 502361
25 502664
457 502632
53 502945
0 0
445 503059
34 503042
66 503286
451 503201
381 503506
123 503389
386 503679
0 0
64 503892
367 503786
457 504071
186 504041
-65 504267
0 0
53 504480
287 504411
205 504698
0 0
402 504913
138 504787
231 505135
15 505048
-55 505269
0 0
332 505501
126 505438
418 505747
197 505624
38 505857
455 505817
72 506118
367 506054
465 506274
84 506199
47 506521
258 506508
210 506658
0 0
451 506874
240 506757
228 507119
470 506995
383 507344
0 0
11 507470
313 507372
239 507655
460 507567
202 507912
0 0
41 508065
311 508000
354 508311
134 508205
422 508501
90 508421
43 508729
411 508583
-87 508948
0 0
190 509145
0 0
81 509303
342 509189
65 509450
300 509445
105 509717
344 509563
468 509921
19 509801
414 510080
0 0
104 510304
413 510157
452 510549
210 510449
418 510732
18 510642
45 510873
253 510776
143 511097
347 511014
136 511279
0 0
453 511470
104 511384
389 511707
62 511599
147 511868
455 511811
-82 512132
0 0
419 512293
97 512159
382 512530
94 512398
475 512693
262 512586
234 512934
462 512812
75 513122
0 0
-78 513340
0 0
160 513497
449 513414
443 513664
215 513558
466 513884
240 513848
130 514129
393 513972
315 514295
0 0
415 514471
1 514368
227 514742
469 514615
1 514899
449 514759
78 515121
0 0
293 515309
91 515182
298 515509
81 515431
33 515675
321 515588
414 515933
54 515789
195 516146
464 516049
56 516336
0 0
135 516486
370 516468
101 516696
453 516605
361 516930
6 516779
359 517052
21 516976
-8 517257
0 0
95 517537
435 517439
385 517675
3 517626
6 517906
318 517823
464 518110
35 518037
323 518346
99 518246
58 518497
444 518365
318 518708
107 518648
451 518904
196 518835
225 519111
474 518967
467 519336
9 519247
286 519476
37 519368
231 519733
0 0
458 519934
0 0
358 520118
158 520000
76 520344
0 0
33 520528
410 520436
133 520739
378 520641
446 520904
30 520771
61 521087
0 0
21 521303
252 521237
386 521482
94 521364
469 521690
0 0
61 521883
437 521807
-108 522109
0 0
26 522323
336 522185
207 522493
435 522518
42 522709
440 522597
290 522929
0 0
455 523127
146 522981
36 523341
330 523206
383 523464
109 523445
464 523734
9 523578
86 523909
373 523757
16 524087
278 524011
68 524275
293 524245
371 524525
9 524401
393 524734
0 0
335 524902
113 524920
375 525079
76 524963
105 525295
349 525211
417 525460
173 525442
167 525705
0 0
8 525871
460 525891
156 526094
423 526013
289 526257
0 0
127 526474
395 526418
387 526667
20 526604
203 526908
0 0
264 527099
0 0
438 527314
5 527201
55 527518
345 527364
235 527734
0 0
374 527892
64 527807
404 528050
13 527977
160 528266
362 528239
433 528511
158 528396
139 528694
0 0
313 528852
14 528796
135 529081
418 529006
62 529308
401 529155
316 529530
80 529385
181 529689
479 529587
103 529922
0 0
122 530107
0 0
366 530250
144 530245
212 530502
417 530389
1 530696
287 530577
22 530917
411 530781
-85 531125
0 0
77 531310
446 531185
414 531484
194 531492
242 531650
0 0
188 531853
412 531843
227 532093
15 531965
294 532276
0 0
296 532463
64 532437
434 532666
224 532575
-65 532915
0 0
354 533102
71 532961
33 533337
328 533198
168 533512
412 533396
163 533703
0 0
30 533904
470 533772
429 534094
50 534046
37 534321
0 0
4 534497
255 534362
454 534669
168 534596
16 534872
475 534772
13 535083
390 535018
244 535303
0 0
233 535524
443 535431
265 535716
20 535643
182 535907
0 0
-45 536051
0 0
10 536273
456 536288
439 536488
44 536372
249 536727
0 0
301 536933
74 536792
192 537054
418 537014
358 537316
0 0
345 537452
31 537351
426 537715
152 537573
32 537940
0 0
256 538103
24 537990
259 538264
26 538230
396 538481
37 538354
411 538700
24 538559
253 538946
0 0
410 539074
70 539078
79 539266
412 539191
87 539479
351 539387
27 539659
0 0
6 539894
374 539765
321 540063
69 540107
331 540314
122 540224
283 540501
57 540373
281 540653
14 540553
442 540906
111 540838
45 541114
343 541029
22 541335
470 541248
37 541462
266 541391
242 541666
0 541635
11 541907
217 541791
328 542077
0 0
399 542321
117 542202
58 542539
317 542394
90 542738
0 0
407 542893
193 542834
460 543056
128 543020
57 543282
373 543248
55 543522
470 543366
254 543655
23 543594
136 543862
350 543840
390 544093
21 544048
22 544251
242 544161
360 544496
89 544362
449 544741
174 544643
-88 544926
0 0
455 545113
0 0
300 545253
84 545211
373 545520
81 545385
65 545702
420 545646
147 545854
371 545842
33 546068
413 545999
316 546256
50 546202
149 546496
463 546353
67 546669
275 546645
100 546948
0 0
59 547133
433 547029
303 547294
0 0
389 547542
4 547435
111 547697
469 547576
59 547865
354 547900
65 548123
0 0
427 548278
140 548248
26 548486
300 548378
425 548669
173 548565
43 548944
248 548800
349 549089
0 0
51 549347
454 549208
125 549490
455 549433
120 549675
330 549558
449 549860
80 549921
143 550092
405 550002
153 550325
467 550242
412 550491
97 550384
125 550731
404 550591
340 550949
95 550949
67 551091
431 551002
2 551338
354 551181
369 551505
131 551439
377 551720
176 551623
249 551921
46 551791
280 552097
0 0
438 552269
173 552215
465 552520
173 552431
396 552727
59 552584
355 552909
0 0
119 553131
402 553050
389 553318
167 553184
153 553536
440 553436
473 553747
95 553632
403 553912
71 553768
85 554050
288 553982
46 554258
453 554201
378 554519
59 554436
213 554739
0 0
5 554914
456 554779
353 555089
0 0
43 555301
0 0
323 555486
95 555410
393 555700
178 555584
415 555888
134 555805
408 556050
176 556031
-112 556278
0 0
338 556479
10 556419
437 556666
221 556612
-15 556888
0 0
12 557069
0 0
359 557300
89 557226
311 557493
29 557444
245 557671
0 0
449 557914
95 557780
204 558143
0 0
442 558312
52 558205
393 558528
144 558383
463 558733
8 558631
34 558934
377 558782
267 559083
13 559039
113 559339
320 559246
67 559531
355 559397
155 559736
412 559629
252 559891
0 0
49 560081
434 559993
137 560314
418 560224
117 560521
390 560384
-76 560736
0 0
356 560856
147 560794
26 561139
419 561030
460 561301
24 561194
61 561506
274 561531
453 561666
83 561617
264 561881
0 0
75 562090
349 561974
374 562344
136 562247
261 562505
36 562403
197 562655
409 562619
108 562866
458 562807
10 563093
265 562952
141 563280
470 563177
312 563497
22 563437
362 563706
0 0
453 563891
250 563829
403 564078
91 563965
344 564255
61 564200
455 564525
43 564371
19 564741
245 564636
214 564916
473 564778
288 565124
16 564990
462 565337
0 0
307 565491
12 565379
206 565702
458 565560
-101 565868
0 0
321 566077
0 0
65 566316
462 566193
366 566506
11 566414
1 566668
380 566562
73 566917
464 566765
207 567136
442 567083
200 567286
0 0
321 567515
25 567401
452 567723
234 567598
-4 567918
0 0
444 568124
115 568006
268 568266
31 568188
409 568494
12 568512
81 568653
384 568632
439 568941
0 0
106 569097
0 0
435 569291
123 569204
92 569540
320 569405
96 569707
301 569749
132 569920
378 569832
200 570086
0 0
421 570285
0 0
22 570537
404 570415
157 570740
373 570591
451 570871
0 0
200 571060
470 571015
13 571253
252 571197
449 571472
103 571426
467 571651
127 571582
-73 571893
0 0
442 572052
28 572038
238 572283
467 572330
263 572547
4 572394
422 572689
91 572581
36 572864
324 572830
343 573133
82 572975
-38 573261
0 0
7 573452
394 573379
-6 573721
0 0
136 573932
427 573807
333 574097
73 573965
280 574307
15 574211
404 574489
11 574430
24 574659
234 574621
137 574949
373 574814
378 575108
169 575025
83 575298
450 575344
195 575517
467 575373
160 575694
466 575556
240 575927
449 575834
-53 576115
0 0
-3 576334
0 0
208 576463
4 576359
459 576686
218 576601
37 576869
389 576841
271 577096
3 577039
198 577252
428 577212
36 577460
462 577364
377 577701
29 577611
457 577860
0 0
152 578051
0 0
474 578338
263 578212
108 578462
392 578418
91 578675
327 578584
25 578910
238 578892
172 579094
0 0
84 579312
0 0
102 579528
338 579416
431 579696
22 579643
431 579862
157 579796
442 580065
178 580030
321 580277
0 0
250 580496
451 580352
414 580712
51 580639
122 580944
459 580866
34 581124
366 580997
67 581284
461 581205
477 581501
46 581371
27 581708
362 581565
272 581923
58 581785
123 582056
360 582041
-41 582273
0 0
102 582471
418 582444
-24 582720
0 0
36 582875
0 0
8 583067
272 583009
60 583270
0 0
469 583541
173 583382
107 583710
342 583604
443 583928
198 583804
-109 584123
0 0
400 584272
70 584236
383 584463
11 584478
413 584694
110 584560
286 584926
60 584774
78 585076
429 584980
226 585276
13 585190
21 585468
245 585406
57 585679
0 0
127 585888
435 585806
12 586081
424 585966
318 586270
0 0
274 586453
60 586363
252 586676
16 586588
-8 586876
0 0
442 587116
0 0
182 587337
421 587204
279 587534
62 587386
5 587723
307 587633
469 587897
3 587816
160 588055
419 587972
469 588257
0 0
414 588478
2 588382
251 588720
472 588694
151 588899
427 588775
456 589099
248 589018
77 589335
461 589222
90 589469
348 589439
332 589723
17 589640
179 589889
0 0
42 590093
353 589975
358 590291
91 590198
335 590513
62 590424
175 590724
0 0
70 590894
298 590784
242 591057
0 0
53 591262
383 591157
3 591466
215 591419
150 591708
0 0
217 591934
464 591822
358 592103
82 592029
30 592309
476 592219
364 592513
162 592438
45 592672
391 592558
58 592885
415 592845
54 593127
461 592999
194 593308
444 593191
39 593453
363 593428
235 593689
473 593575
127 593913
436 593791
138 594128
361 593974
85 594312
339 594197
400 594526
40 594404
-83 594686
0 0
-30 594920
0 0
426 595139
4 594996
41 595348
377 595228
466 595484
191 595353
22 595661
326 595647
30 595864
0 0
349 596118
0 0
50 596265
261 596179
417 596508
43 596393
277 596696
0 0
428 596910
81 596788
-56 597144
0 0
358 597268
21 597183
17 597517
222 597542
-64 597661
0 0
3 597938
348 597798
442 598084
99 597998
228 598314
0 0
160 598452
378 598353
20 598673
222 598575
411 598949
87 598794
200 599086
0 0
309 599302
61 599160
349 599524
16 599380
83 599664
0 0
166 599916
393 599794
68 600062
0 0
141 600297
392 600229
429 600481
150 600450
120 600716
448 600647
83 600918
311 600848
432 601105
131 601027
35 601268
0 0
149 601475
388 601402
350 601712
124 601577
429 601894
0 0
364 602125
42 601973
48 602308
300 602161
443 602506
43 602371
14 602714
0 0
314 602871
94 602840
37 603127
248 603028
106 603273
348 603206
233 603514
23 603412
202 603665
410 603586
5 603916
0 0
428 604075
79 604020
414 604320
0 0
268 604510
27 604398
48 604663
263 604624
18 604866
346 604811
110 605142
312 604993
104 605288
435 605205
479 605527
50 605395
311 605744
0 0
324 605907
70 605796
15 606075
423 605995
336 606348
108 606201
95 606456
368 606472
2 606749
339 606635
111 606857
0 0
104 607077
407 607041
116 607271
458 607241
462 607501
200 607420
260 607665
6 607561
115 607940
0 0
414 608055
93 608049
439 608277
235 608237
96 608524
439 608389
416 608707
181 608614
7 608851
456 608768
420 609053
85 609037
67 609331
300 609240
349 609514
81 609369
101 609694
438 609569
50 609869
449 609849
416 610061
194 609962
251 610336
0 0
50 610499
322 610376
443 610690
161 610570
1 610879
0 0
380 611131
121 610999
445 611315
161 611231
27 611504
421 611429
266 611674
25 611637
435 611924
39 611826
334 612082
0 0
402 612309
104 612171
63 612490
405 612372
17 612668
0 0
-46 612944
0 0
200 613111
469 612980
444 613309
165 613206
254 613457
32 613376
465 613682
189 613634
298 613934
91 613897
5 614061
356 613976
470 614275
179 614243
368 614450
121 614380
38 614701
369 614553
386 614908
120 614811
198 615098
0 0
43 615268
303 615178
4 615462
442 615399
253 615669
52 615573
237 615895
0 0
99 616107
468 615990
416 616312
158 616177
182 616452
398 616356
401 616727
183 616618
148 616870
472 616784
418 617133
141 617030
52 617267
363 617268
207 617533
465 617390
7 617687
0 0
62 617867
415 617788
170 618077
371 618010
305 618261
37 618247
52 618517
362 618384
124 618715
0 0
421 618852
184 618842
181 619099
449 619000
270 619340
0 0
0 619517
238 619360
439 619724
112 619616
461 619934
252 619848
3 620055
348 619993
9 620307
441 620237
425 620512
189 620432
329 620693
0 0
75 620883
319 620800
34 621090
0 0
412 621302
0 0
300 621500
14 621418
55 621654
317 621599
250 621897
0 0
49 622091
374 621969
379 622272
18 622228
414 622524
12 622444
124 622703
358 622604
326 622902
0 0
467 623097
27 623003
418 623277
4 623166
463 623471
263 623397
105 623700
0 0
364 623917
86 623836
336 624081
129 624006
121 624251
0 0
152 624519
452 624434
401 624695
0 0
17 624886
390 624831
152 625114
396 624956
71 625258
0 0
43 625464
430 625442
329 625738
33 625584
407 625941
23 625822
419 626104
52 626011
3 626317
373 626195
453 626523
37 626430
9 626730
403 626596
77 626881
386 626786
133 627113
424 627029
80 627285
289 627220
360 627466
124 627425
441 627671
201 627603
61 627864
290 627780
111 628100
345 627984
-15 628293
0 0
445 628514
208 628387
450 628689
27 628641
43 628884
376 628846
378 629074
122 628962
438 629253
147 629325
14 629521
445 629376
208 629744
0 0
168 629875
422 629766
123 630119
324 629994
65 630253
351 630186
450 630450
24 630418
460 630659
0 0
-126 630911
0 0
68 631050
426 630972
297 631262
69 631177
354 631518
43 631520
468 631748
171 631623
54 631931
318 631842
242 632107
0 0
45 632277
413 632188
431 632544
24 632413
394 632726
46 632572
32 632872
263 632841
137 633136
0 0
246 633337
0 0
416 633511
56 633367
52 633694
263 633640
31 633865
328 633774
434 634109
29 634047
32 634280
414 634219
255 634504
1 634355
457 634702
252 634587
34 634868
0 0
17 635086
0 0
27 635310
407 635289
318 635505
76 635379
24 635676
252 635595
471 635867
185 635793
461 636121
38 635973
164 636286
430 636196
87 636513
350 636429
36 636673
247 636562
70 636854
0 0
470 637084
18 636959
107 637307
366 637240
321 637487
25 637427
387 637685
138 637600
344 637941
87 637793
292 638102
48 637997
286 638304
2 638239
50 638510
318 638443
453 638736
115 638637
188 638946
409 638848
46 639125
269 638982
-54 639334
0 0
8 639512
271 639386
318 639661
35 639570
468 639889
206 639893
76 640142
460 640002
18 640306
299 640160
14 640506
447 640385
272 640711
41 640622
463 640923
34 640900
208 641070
0 0
347 641298
26 641238
176 641493
406 641374
457 641655
0 0
23 641941
448 641809
12 642075
335 641965
31 642349
380 642202
79 642506
434 642423
365 642691
144 642576
11 642852
379 642792
455 643118
99 642965
-105 643346
0 0
87 643481
296 643488
225 643658
453 643650
164 643918
464 643828
473 644091
259 643987
308 644309
1 644213
257 644506
470 644366
371 644729
157 644580
136 644861
438 644922
333 645091
0 0
455 645299
137 645165
341 645545
76 645413
317 645698
0 0
15 645914
0 0
442 646053
100 645990
475 646301
259 646190
471 646451
32 646480
399 646741
90 646621
467 646934
166 646796
315 647136
27 647007
100 647291
462 647152
266 647468
32 647436
148 647716
0 0
84 647866
423 647799
417 648111
0 0
329 648288
125 648179
388 648549
160 648407
-19 648744
0 0
-5 648949
0 0
58 649082
325 649010
122 649310
324 649196
464 649460
4 649394
462 649724
55 649564
17 649890
0 0
25 650148
278 650043
44 650296
305 650235
365 650491
76 650422
156 650700
0 0
91 650941
357 650803
191 651147
430 651082
6 651335
382 651223
461 651534
47 651546
207 651731
0 0
408 651916
129 651805
263 652070
474 652047
310 652303
0 0
303 652475
25 652394
267 652680
32 652581
-14 652901
0 0
159 653136
444 653022
434 653283
18 653222
318 653456
87 653358
165 653660
0 0
358 653909
111 653834
-79 654061
0 0
21 654341
305 654218
397 654539
123 654388
336 654702
0 0
371 654864
0 0
139 655075
370 655008
116 655281
410 655234
350 655483
40 655440
316 655657
10 655596
113 655901
0 0
-102 656136
0 0
90 656342
406 656229
70 656455
462 656362
346 656734
80 656622
81 656868
416 656775
28 657110
465 657044
163 657264
0 0
457 657476
58 657418
213 657665
0 0
75 657939
303 657830
17 658102
228 657968
110 658297
0 0
235 658488
457 658463
112 658669
453 658578
134 658859
0 0
238 659051
0 0
461 659298
184 659212
19 659458
426 659366
329 659744
66 659595
18 659936
355 659818
81 660113
444 660049
415 660310
0 0
141 660504
459 660394
43 660729
0 0
49 660882
251 660829
128 661131
442 661046
257 661335
41 661196
433 661527
91 661370
441 661686
51 661630
312 661870
58 661845
355 662078
0 0
62 662270
298 662157
16 662524
258 662395
414 662655
179 662628
103 662910
355 662754
377 663072
36 662993
397 663339
84 663201
406 663495
18 663447
179 663735
439 663642
307 663930
0 0
423 664080
170 663975
123 664269
0 0
306 664529
14 664442
66 664709
344 664611
178 664897
0 0
410 665125
24 665032
422 665315
45 665196
461 665503
172 665369
325 665721
26 665614
193 665893
420 665802
450 666131
101 666017
214 666322
10 666232
184 666518
466 666389
21 666730
381 666581
-102 666873
0 0
16 667082
276 667043
-118 667328
0 0
131 667538
447 667382
209 667688
467 667605
8 667906
286 667776
21 668050
0 0
144 668282
434 668182
381 668450
102 668444
308 668695
0 0
216 668940
4 668813
64 669071
0 0
3 669306
395 669235
185 669482
440 669428
446 669662
104 669575
63 669863
0 0
388 670058
88 670020
194 670342
0 0
152 670524
424 670444
61 670744
344 670630
149 670908
408 670817
440 671053
18 671030
88 671328
308 671171
315 671480
60 671361
460 671682
0 0
95 671885
304 671795
77 672092
395 672050
243 672284
0 0
59 672474
473 672442
93 672692
0 0
33 672916
445 672814
454 673121
59 672981
450 673285
75 673219
466 673519
17 673411
145 673748
410 673628
78 673908
357 673923
451 674116
0 0
465 674265
95 674156
46 674475
464 674436
122 674675
443 674620
479 674924
83 674795
449 675063
97 674960
340 675331
0 0
456 675516
144 675392
-85 675746
0 0
429 675874
0 0
78 676130
323 675972
426 676338
103 676244
157 676538
384 676389
244 676741
4 676592
36 676913
276 676801
443 677068
11 677006
90 677311
347 677188
136 677532
406 677424
397 677741
27 677689
325 677901
88 677781
21 678058
256 678107
455 678261
131 678313
8 678498
435 678358
192 678664
402 678620
186 678922
0 0
130 679080
454 679045
295 679296
0 0
72 679506
322 679429
215 679673
464 679570
23 679927
369 679817
25 680090
281 680037
306 680314
53 680168
157 680530
379 680434
437 680708
170 680637
127 680891
387 680817
262 681111
462 680980
123 681268
381 681220
465 681509
155 681403
-36 681702
0 0
35 681914
298 681849
89 682081
289 681978
50 682273
0 0
172 682509
443 682374
418 682703
57 682573
55 682898
0 0
6 683082
352 682987
170 683295
423 683212
44 683532
362 683437
466 683683
245 683606
32 683876
376 683786
31 684128
0 0
61 684277
448 684197
61 684534
401 684445
252 684713
40 684623
66 684863
371 684814
171 685070
413 684960
342 685330
0 0
447 685493
22 685428
466 685707
117 685564
222 685910
463 685800
244 686133
469 686016
458 686252
104 686240
45 686545
407 686392
282 686710
0 0
4 686948
214 686808
452 687084
109 687016
-122 687322
0 0
51 687480
307 687449
379 687662
0 0
150 687948
0 0
158 688122
394 688097
204 688290
0 0
437 688451
58 688407
341 688712
9 688561
183 688939
430 688831
228 689052
431 689002
15 689315
233 689170
65 689519
471 689392
450 689682
214 689557
45 689935
463 689835
346 690099
0 0
441 690274
189 690183
58 690496
465 690359
83 690674
0 0
236 690917
477 690784
442 691136
235 691050
277 691262
17 691152
291 691544
40 691521
82 691694
350 691632
383 691940
0 0
100 692074
330 691994
295 692278
86 692151
4 692502
458 692439
455 692720
0 0
282 692861
65 692780
424 693074
51 693004
117 693275
0 0
26 693452
406 693426
82 693698
0 0
20 693909
415 693766
455 694132
9 694042
207 694328
452 694228
457 694495
49 694446
250 694743
17 694610
-82 694919
0 0
-51 695078
0 0
339 695329
78 695238
5 695493
446 695435
254 695720
473 695633
96 695939
446 695818
84 696139
398 696011
282 696319
0 0
155 696461
425 696374
343 696733
20 696594
375 696888
80 696785
460 697074
258 696971
29 697262
367 697186
69 697521
344 697440
409 697672
126 697615
209 697925
410 697829
450 698067
78 698016
130 698306
363 698210
167 698472
385 698371
339 698699
51 698557
357 698949
147 698825
126 699090
397 699023
16 699305
0 0
273 699451
31 699429
66 699719
444 699637
19 699889
294 699756
289 700052
23 699995
152 700326
380 700219
327 700472
69 700374
9 700710
337 700640
-90 700938
0 0
304 701139
0 0
170 701262
381 701198
38 701507
335 701435
-19 701733
0 0
439 701913
24 701921
7 702085
209 701986
457 702328
199 702215
357 702495
111 702365
148 702695
395 702563
48 702914
316 702841
131 703146
349 703013
21 703331
362 703205
166 703456
398 703449
404 703693
194 703626
6 703934
0 0
189 704108
463 704024
25 704257
364 704157
431 704464
80 704401
456 704699
20 704700
463 704898
240 704836
462 705091
41 705034
82 705250
0 0
276 705473
25 705362
25 705729
275 705601
37 705913
0 0
196 706078
457 705984
327 706298
31 706202
405 706534
102 706419
56 706679
460 706613
128 706899
0 0
351 707102
32 707045
153 707324
381 707245
424 707485
170 707426
324 707702
29 707612
176 707857
388 707779
477 708081
0 0
36 708336
266 708198
258 708451
474 708393
287 708657
0 0
-21 708855
0 0
193 709103
451 709083
112 709260
0 0
38 709465
305 709468
111 709741
471 709643
80 709851
426 709846
-70 710084
0 0
375 710339
106 710327
243 710483
6 710412
443 710692
164 710600
117 710919
362 710766
-118 711129
0 0
285 711305
58 711192
75 711478
454 711526
412 711743
0 0
287 711913
79 711761
19 712107
419 711953
96 712324
0 0
255 712517
16 712389
96 712653
420 712582
426 712862
223 712834
265 713126
37 713026
26 713253
344 713192
250 713546
44 713394
360 713712
35 713636
404 713886
67 713766
116 714093
348 713987
36 714348
299 714194
141 714514
374 714428
451 714697
0 0
415 714890
158 714823
177 715146
391 715012
342 715342
6 715222
171 715471
377 715413
407 715689
67 715594
359 715897
44 715823
-57 716082
0 0
36 716321
348 716171
395 716479
127 716438
405 716663
0 0
115 716865
400 716782
156 717057
0 0
183 717331
383 717236
189 717506
464 717443
405 717690
48 717599
-127 717907
0 0
345 718074
55 718002
362 718257
18 718229
347 718528
54 718413
265 718726
46 718648
124 718938
453 718780
107 719111
0 0
367 719311
121 719186
434 719549
1 719411
295 719677
70 719601
412 719911
160 719839
447 720073
194 719999
92 720312
362 720190
296 720458
66 720441
241 720706
466 720610
-65 720912
0 0
204 721130
430 720973
288 721280
30 721267
125 721470
411 721419
128 721695
400 721613
-80 721904
0 0
408 722106
0 0
24 722293
367 722239
78 722494
339 722373
438 722728
167 722644
21 722923
445 722772
336 723111
0 0
415 723290
0 0
165 723497
414 723425
276 723650
0 0
248 723942
35 723793
419 724087
45 723994
348 724283
0 0
470 724480
99 724411
450 724655
5 724668
41 724925
376 724849
395 725069
71 725036
398 725286
11 725195
413 725531
97 725386
248 725716
2 725575
40 725856
405 725826
338 726133
100 726041
219 726263
0 0
382 726509
144 726362
76 726709
374 726615
289 726884
0 0
379 727119
138 726969
287 727326
0 0
451 727482
33 727406
155 727748
447 727619
23 727864
470 727798
294 728109
22 727972
64 728307
412 728179
316 728545
55 728439
360 728669
0 0
172 728863
479 728773
-9 729082
0 0
259 729269
0 0
241 729502
0 729382
366 729727
0 0
465 729871
95 729810
324 730068
75 729986
103 730346
441 730235
99 730452
467 730357
131 730721
454 730608
266 730873
23 730773
130 731078
0 0
31 731347
269 731215
59 731516
339 731357
287 731655
0 0
325 731866
55 731751
301 732130
101 732002
447 732329
228 732239
190 732511
441 732421
102 732653
411 732632
-76 732877
0 0
430 733118
84 733014
128 733322
330 733225
315 733540
43 733383
32 733727
279 733628
85 733887
455 733810
53 734092
311 734037
65 734281
312 734207
403 734488
105 734382
128 734741
442 734599
403 734913
11 734839
170 735109
394 735006
211 735273
0 0
20 735543
329 735450
466 735741
203 735621
46 735909
265 735803
76 736114
310 736042
158 736344
0 0
125 736537
364 736389
22 736664
265 736569
-119 736931
0 0
97 737075
391 736991
36 737301
301 737159
458 737529
3 737438
361 737695
0 0
402 737920
81 737821
236 738149
446 738035
421 738274
203 738244
4 738529
451 738401
162 738690
0 0
96 738914
0 0
212 739072
442 738952
336 739285
6 739182
8 739526
338 739454
168 739665
441 739637
43 739926
387 739772
392 740069
67 739961
456 740344
99 740216
333 740515
58 740426
305 740722
69 740631
358 740919
78 740842
406 741144
35 741022
49 741274
408 741191
31 741452
410 741445
116 741685
408 741575
336 741866
0 0
434 742068
26 741974
259 742303
0 0
256 742458
5 742355
210 742668
432 742616
213 742936
0 0
282 743096
0 0
281 743291
80 743187
367 743470
114 743439
360 743670
126 743573
135 743870
453 743777
297 744119
23 743987
-82 744316
0 0
472 744456
33 744430
401 744747
0 0
421 744856
145 744793
196 745090
455 745034
261 745316
33 745210
286 745503
35 745370
377 745722
79 745627
228 745896
435 745769
165 746105
0 0
362 746271
140 746237
224 746546
441 746387
344 746718
0 0
250 746882
450 746838
156 747083
380 747001
476 747324
59 747219
454 747541
226 747435
442 747686
68 747626
331 747854
82 747772
86 748111
405 747997
25 748277
307 748180
370 748470
20 748442
346 748713
55 748642
182 748929
417 748840
129 749113
377 749020
466 749322
187 749214
422 749469
0 749421
49 749665
290 749555
36 749852
458 749776
-16 750056
0 0
58 750272
272 750233
432 750538
79 750403
308 750701
48 750640
435 750882
29 750830
84 751148
409 751019
-47 751308
0 0
55 751463
286 751379
314 751742
77 751595
61 751908
424 751832
30 752081
0 0
391 752266
19 752177
426 752509
32 752396
124 752663
0 0
325 752881
66 752772
377 753142
66 752988
283 753287
17 753232
474 753549
184 753401
66 753668
0 0
424 753872
0 0
396 754056
156 754046
-27 754306
0 0
425 754500
120 754429
427 754684
19 754616
110 754936
320 754843
377 755072
151 755004
18 755323
251 755181
471 755478
71 755400
422 755650
153 755630
185 755861
427 755767
423 756112
184 756039
1 756339
0 0
468 756450
1 756359
51 756653
392 756636
29 756922
407 756825
188 757126
392 756994
338 757338
0 0
144 757492
470 757419
341 757701
18 757560
28 757855
449 757765
126 758149
0 0
46 758259
265 758201
150 758541
381 758428
219 758665
452 758565
441 758879
200 758806
6 759121
458 759048
16 759273
355 759298
29 759467
458 759400
333 759731
0 0
-110 759913
0 0
358 760088
48 760004
45 760263
319 760226
227 760493
14 760423
140 760714
376 760648
312 760925
0 0
10 761093
386 760958
373 761257
170 761163
132 761485
379 761355
209 761743
434 761606
114 761883
315 761803
476 762091
55 762054
327 762321
0 0
86 762455
298 762415
-59 762709
0 0
266 762890
0 0
252 763069
459 762988
28 763282
403 763169
193 763546
418 763435
255 763679
0 763637
353 763861
132 763824
425 764098
0 0
431 764327
0 764208
156 764532
381 764395
80 764711
0 0
319 764944
59 764845
470 765120
59 765126
159 765293
372 765162
42 765455
449 765418
42 765664
336 765562
342 765903
88 765769
456 766054
52 765951
26 766254
0 0
140 766468
406 766391
40 766724
412 766610
313 766924
0 0
249 767094
0 767047
40 767324
302 767231
454 767488
254 767421
67 767663
0 0
364 767905
132 767831
-16 768120
0 0
467 768270
37 768201
388 768516
139 768446
444 768729
60 768602
349 768875
0 0
358 769113
96 768984
435 769303
0 0
105 769494
421 769375
50 769736
265 769599
386 769910
0 0
408 770123
160 770098
14 770283
372 770233
388 770480
168 770413
-78 770717
0 0
446 770900
96 770759
67 771056
470 771134
198 771281
0 0
65 771498
302 771435
198 771696
428 771577
-39 771921
0 0
56 772064
391 771952
38 772259
367 772211
347 772494
17 772437
15 772668
389 772645
273 772885
53 772801
162 773140
0 0
362 773300
69 773151
330 773453
65 773419
66 773708
0 0
295 773907
78 773751
74 774078
0 0
343 774291
100 774199
89 774524
349 774439
433 774664
0 0
126 774916
449 774785
50 775081
367 775047
377 775317
0 0
406 775523
16 775415
19 775662
294 775616
4 775891
396 775801
443 776124
0 0
384 776281
110 776228
319 776533
63 776408
62 776660
274 776645
57 776911
289 776757
422 777087
34 777026
100 777306
462 777240
343 777459
88 777428
374 777696
17 777615
231 777860
0 0
63 778059
419 778006
328 778291
0 0
387 778456
174 778392
426 778707
183 778639
350 778865
109 778777
130 779137
340 778999
426 779273
54 779246
319 779481
56 779379
54 779652
417 779606
441 779929
87 779836
319 780060
38 779970
12 780328
0 0
267 780470
44 780366
59 780699
0 0
440 780869
76 780816
173 781058
406 781011
382 781330
117 781311
93 781527
432 781426
48 781670
343 781661
375 781927
0 0
253 782143
0 0
161 782292
451 782174
428 782473
93 782466
311 782697
23 782583
435 782911
123 782814
-90 783129
0 0
204 783272
413 783241
58 783520
458 783549
84 783740
0 0
-29 783856
0 0
463 784128
99 784044
464 784259
23 784160
219 784514
433 784396
149 784663
353 784559
61 784932
0 0
266 785064
5 785042
56 785300
334 785202
85 785507
350 785404
432 785701
181 785597
128 785943
401 785787
-104 786137
0 0
3 786310
0 0
58 786518
368 786368
266 786655
0 0
8 786871
463 786877
471 787144
80 787032
76 787291
476 787250
141 787484
387 787549
469 787679
193 787568
391 787857
58 787834
389 788104
5 788015
35 788292
263 788161
457 788525
82 788446
463 788670
0 0
239 788872
443 788825
85 789058
346 789031
403 789334
0 0
474 789469
42 789420
98 789685
418 789557
358 789888
152 789826
75 790124
411 790008
440 790337
187 790244
211 790490
429 790363
233 790698
31 790641
92 790874
309 790765
372 791110
95 790960
460 791301
149 791189
82 791513
421 791379
413 791740
127 791689
478 791861
178 791843
362 792075
153 791987
246 792339
0 0
112 792530
410 792419
399 792706
140 792579
94 792908
0 0
390 793080
89 793032
-41 793277
0 0
429 793502
221 793449
356 793676
48 793565
180 793880
465 793794
132 794124
0 0
298 794266
61 794236
425 794543
173 794421
321 794703
85 794692
398 794917
99 794807
470 795121
0 0
450 795298
98 795222
52 795520
427 795429
324 795748
18 795593
441 795876
111 795753
157 796095
427 795985
385 796345
0 0
255 796495
53 796396
74 796660
315 796570
-98 796890
0 0
-106 797126
0 0
303 797317
101 797330
134 797505
420 797365
382 797708
84 797648
83 797918
316 797814
461 798098
164 797954
94 798285
455 798229
67 798485
368 798358
232 798701
1 798551
362 798917
115 798825
118 799114
388 798966
285 799340
61 799193
256 799541
28 799433
446 799678
23 799566
35 799905
0 0
340 800104
0 0
116 800300
364 800193
252 800476
28 800441
237 800748
0 0
413 800898
7 800824
382 801134
0 0
238 801295
0 0
187 801514
413 801354
341 801692
65 801650
345 801935
126 801810
438 802094
52 801996
129 802348
336 802220
200 802511
428 802544
31 802689
371 802604
415 802862
0 0
23 803101
316 802952
173 803338
468 803217
18 803488
430 803420
431 803714
201 803592
397 803899
98 803882
-60 804094
0 0
354 804301
0 0
371 804460
156 804379
472 804654
221 804718
344 804933
0 0
412 805083
158 804952
234 805296
463 805168
12 805538
306 805385
427 805736
140 805642
444 805938
0 0
85 806092
344 806047
43 806273
366 806225
176 806489
389 806421
-27 806741
0 0
381 806890
170 806792
380 807147
94 807016
185 807263
439 807178
232 807477
467 807445
70 807708
288 807572
177 807896
402 807770
129 808140
386 807991
87 808266
333 808188
244 808471
35 808361
476 808702
3 808614
392 808867
70 808813
330 809051
0 0
378 809326
7 809306
456 809455
1 809438
116 809682
358 809599
350 809862
114 809773
372 810100
138 809955
17 810265
0 0
363 810470
137 810434
432 810651
73 810640
256 810874
0 0
124 811121
376 810971
420 811301
185 811198
132 811452
351 811437
99 811730
469 811599
176 811881
441 811760
94 812124
402 811998
451 812266
24 812219
192 812509
419 812407
409 812747
0 0
122 812868
395 812790
330 813109
107 813031
421 813342
0 0
108 813484
419 813442
-54 813717
0 0
91 813916
294 813812
392 814097
84 814020
342 814348
128 814234
237 814483
444 814361
222 814698
11 814572
157 814851
396 814760
-91 815071
0 0
102 815344
440 815234
453 815491
61 815450
383 815701
0 0
398 815882
132 815816
-11 816127
0 0
44 816306
424 816230
70 816530
475 816436
10 816733
310 816595
428 816915
215 816829
306 817136
62 816989
241 817302
0 0
317 817467
34 817360
351 817728
103 817707
67 817924
403 817848
299 818087
0 0
420 818254
112 818186
11 818508
256 818358
288 818711
0 0
251 818944
454 818836
347 819057
131 819032
131 819285
367 819168
452 819466
14 819441
193 819693
430 819588
74 819926
0 0
14 820094
279 820045
258 820255
0 0
84 820465
461 820431
4 820687
243 820699
73 820855
0 0
275 821131
26 820973
397 821332
2 821213
296 821509
22 821412
472 821703
1 821563
5 821851
293 821758
-89 822136
0 0
305 822336
68 822221
94 822483
358 822373
-105 822702
0 0
4 822878
341 822845
25 823144
405 822991
429 823301
168 823237
149 823506
469 823415
145 823735
383 823615
200 823895
0 0
327 824081
0 0
18 824289
425 824155
433 824481
28 824356
64 824699
311 824602
153 824888
408 824759
327 825134
18 825019
49 825323
311 825245
416 825482
154 825431
-19 825656
0 0
413 825894
115 825829
57 826091
282 825965
388 826306
26 826173
473 826499
34 826442
173 826720
460 826581
379 826856
81 826936
397 827106
46 827024
73 827316
362 827236
449 827463
167 827438
211 827695
0 0
59 827884
277 827757
268 828068
0 0
45 828320
0 0
406 828497
9 828417
168 828665
430 828558
103 828864
477 828931
397 829078
87 829017
341 829307
0 0
250 829494
468 829397
37 829680
426 829602
462 829891
134 829840
36 830100
266 829969
384 830317
113 830221
145 830545
382 830446
85 830718
452 830588
311 830858
46 830842
130 831076
0 0
37 831286
339 831218
445 831456
72 831380
410 831708
185 831603
447 831852
0 0
25 832069
348 832022
458 832250
0 0
63 832455
439 832369
376 832704
90 832551
141 832939
446 832793
128 833125
417 832994
187 833318
428 833167
312 833528
15 833408
406 833709
0 0
410 833947
56 833931
29 834147
0 0
-115 834283
0 0
12 834453
257 834415
358 834734
40 834576
-22 834921
0 0
94 835070
324 834996
12 835344
247 835268
154 835517
376 835377
394 835668
21 835680
420 835850
60 835757
54 836077
415 835952
99 836300
436 836152
399 836493
21 836370
395 836737
93 836672
171 836932
467 836838
475 837110
0 0
173 837323
385 837167
36 837533
417 837399
320 837725
0 0
422 837926
7 837773
51 838116
424 837970
390 838343
64 838339
8 838471
457 838353
444 838676
173 838559
250 838901
28 838840
75 839095
0 0
183 839298
464 839240
16 839482
400 839485
335 839660
0 0
36 839917
261 839834
74 840122
462 840132
102 840309
0 0
346 840512
80 840539
154 840652
415 840650
343 840936
126 840818
7 841055
223 840971
27 841268
0 0
31 841533
270 841429
208 841672
420 841611
19 841913
0 0
161 842054
0 0
0 842317
253 842207
449 842450
137 842428
337 842705
10 842632
336 842936
29 842782
209 843149
0 0
167 843345
0 0
73 843459
443 843376
150 843736
0 0
-89 843873
0 0
32 844118
316 844081
236 844313
460 844224
161 844492
468 844389
385 844728
5 844599
126 844916
414 844793
179 845139
419 844996
65 845306
458 845215
372 845494
41 845432
340 845707
56 845650
317 845948
46 845834
427 846123
0 0
73 846343
0 0
88 846498
435 846391
11 846730
0 0
258 846880
50 846804
447 847084
53 846957
224 847306
0 0
4 847523
314 847396
462 847721
121 847630
-24 847940
0 0
120 848061
330 848016
453 848253
248 848218
108 848515
439 848421
389 848670
51 848648
473 848882
169 848817
360 849113
0 0
101 849331
385 849247
300 849506
49 849442
384 849661
0 0
100 849925
362 849841
456 850052
184 849993
12 850290
474 850341
224 850499
446 850397
122 850735
423 850637
44 850878
383 850830
175 851129
0 0
335 851322
30 851234
373 851546
14 851434
98 851699
416 851704
368 851867
137 851782
274 852109
0 0
368 852298
80 852168
38 852450
327 852436
456 852707
228 852575
67 852870
408 852753
229 853114
442 853021
-98 853285
0 0
79 853487
462 853380
47 853686
366 853577
413 853903
0 0
106 854121
430 854021
193 854326
469 854173
223 854475
437 854355
447 854713
0 0
471 854869
197 854756
350 855083
0 0
267 855261
16 855186
312 855547
30 855405
257 855728
42 855609
212 855908
422 855784
190 856099
469 855992
390 856347
136 856204
399 856528
122 856428
34 856656
343 856579
2 856907
398 856758
452 857142
124 857133
12 857280
406 857182
457 857513
139 857399
55 857652
385 857608
444 857922
86 857795
399 858086
10 858040
338 858268
126 858242
156 858475
370 858423
434 858687
0 0
75 858874
330 858837
118 859059
352 858965
387 859344
176 859217
296 859453
9 859463
71 859653
464 859595
2 859878
437 859836
-115 860117
0 0
372 860303
171 860152
324 860538
80 860407
321 860711
60 860688
14 860916
446 860826
95 861060
424 861012
360 861308
0 0
436 861498
121 861381
54 861712
401 861593
299 861935
0 0
69 862117
314 861969
367 862327
0 0
151 862459
433 862361
298 862727
32 862602
81 862947
0 0
316 863100
0 0
227 863309
21 863222
7 863547
444 863390
38 863713
240 863644
103 863937
331 863789
151 864078
461 864027
272 864330
0 0
378 864476
32 864422
409 864712
78 864630
1 864945
0 0
255 865055
0 865023
439 865252
43 865188
99 865501
335 865427
361 865680
143 865613
54 865852
282 865844
-99 866079
0 0
443 866262
102 866201
133 866501
361 866359
11 866693
243 866603
155 866932
463 866822
359 867144
93 867090
6 867317
298 867202
284 867478
62 867357
100 867691
0 0
392 867913
0 0
105 868128
368 868094
447 868315
43 868346
285 868484
38 868392
237 868739
32 868627
-47 868918
0 0
29 869059
359 868965
126 869313
463 869214
54 869461
405 869395
-89 869707
0 0
24 869883
286 869831
352 870132
92 870041
230 870311
15 870160
166 870459
454 870372
463 870691
106 870575
431 870875
158 870764
279 871068
10 870990
313 871300
6 871203
454 871495
172 871401
161 871692
371 871599
-104 871920
0 0
329 872065
0 0
59 872266
319 872188
258 872515
13 872424
417 872704
127 872621
460 872926
102 872833
44 873072
282 872973
352 873339
0 0
148 873485
380 873420
57 873707
331 873646
397 873926
0 0
428 874095
49 874062
12 874286
0 0
250 874491
37 874435
367 874689
143 874586
448 874897
0 0
38 875094
441 875018
466 875269
262 875201
146 875459
390 875420
462 875724
52 875644
282 875872
22 875752
24 876141
313 876005
421 876331
199 876219
319 876462
109 876440
-37 876665
0 0
46 876887
0 0
110 877089
464 876991
78 877272
394 877241
178 877512
437 877484
374 877689
167 877551
92 877932
432 877850
126 878120
0 0
462 878254
38 878245
59 878530
438 878406
58 878737
0 0
468 878921
218 878787
389 879092
0 0
40 879282
374 879234
73 879530
287 879384
326 879681
16 879618
433 879887
200 879766
200 880080
405 879977
45 880250
0 0
286 880523
54 880365
141 880653
475 880611
355 880943
14 880846
271 881145
0 0
18 881338
436 881212
308 881472
107 881371
-92 881741
0 0
364 881870
143 881787
210 882111
429 881951
66 882308
362 882212
14 882510
333 882450
141 882684
349 882576
212 882927
0 0
232 883094
471 882987
234 883253
0 0
92 883513
354 883378
248 883684
464 883594
-113 883894
0 0
3 884081
227 884096
283 884346
63 884202
98 884542
349 884393
84 884675
412 884605
442 884882
106 884782
331 885140
0 0
24 885317
421 885186
380 885536
8 885446
234 885692
0 0
-37 885938
0 0
418 886083
45 885951
470 886291
117 886242
35 886527
384 886493
452 886655
115 886566
39 886903
299 886817
344 887139
0 0
144 887297
445 887219
459 887542
78 887439
269 887729
26 887572
27 887907
459 887835
300 888088
60 887981
-94 888262
0 0
124 888462
399 888386
8 888660
0 0
333 888901
103 888821
35 889146
410 889021
470 889321
161 889212
330 889489
40 889399
128 889708
329 889554
360 889913
18 889816
464 890067
0 0
151 890327
470 890267
2 890464
287 890491
352 890743
0 0
376 890886
64 890793
56 891143
347 891091
412 891256
99 891233
327 891496
90 891440
171 891698
449 891644
55 891913
443 891810
456 892122
146 891976
408 892339
0 0
430 892515
133 892432
28 892708
460 892556
290 892919
0 0
72 893098
0 0
353 893322
78 893321
447 893528
222 893403
322 893713
5 893631
38 893902
272 893827
20 894081
0 0
279 894296
46 894232
377 894528
99 894428
138 894708
438 894619
155 894893
0 0
308 895112
42 895029
341 895281
60 895287
424 895475
46 895353
193 895694
412 895632
182 895895
470 895800
51 896055
268 896007
214 896296
430 896231
300 896457
50 896401
183 896696
0 0
461 896936
149 896776
467 897131
172 896980
128 897328
0 0
460 897477
81 897366
152 897675
352 897599
243 897866
458 897855
362 898105
104 898025
464 898323
108 898192
330 898478
19 898420
264 898698
473 898619
189 898903
450 898767
155 899148
413 899044
64 899320
323 899186
182 899471
393 899358
70 899675
289 899555
399 899888
